0.168244 0.349362 0.010000
0.166136 0.350370 0.010000
0.164023 0.351364 0.010000
0.161903 0.352346 0.010000
0.159778 0.353315 0.010000
0.157646 0.354271 0.010000
0.155509 0.355214 0.010000
0.153367 0.356144 0.010000
0.151218 0.357062 0.010000
0.149065 0.357966 0.010000
0.146905 0.358858 0.010000
0.144741 0.359736 0.010000
0.142571 0.360602 0.010000
0.140396 0.361454 0.010000
0.138216 0.362293 0.010000
0.136031 0.363119 0.010000
0.133841 0.363932 0.010000
0.131647 0.364732 0.010000
0.129447 0.365518 0.010000
0.127243 0.366291 0.010000
0.125034 0.367051 0.010000
0.122821 0.367798 0.010000
0.120603 0.368531 0.010000
0.118380 0.369251 0.010000
0.116154 0.369957 0.010000
0.113923 0.370650 0.010000
0.111688 0.371330 0.010000
0.109449 0.371996 0.010000
0.107206 0.372649 0.010000
0.104959 0.373288 0.010000
0.102709 0.373913 0.010000
0.100454 0.374525 0.010000
0.098196 0.375123 0.010000
0.095935 0.375708 0.010000
0.093670 0.376279 0.010000
0.091401 0.376837 0.010000
0.089130 0.377381 0.010000
0.086855 0.377911 0.010000
0.084576 0.378427 0.010000
0.082295 0.378930 0.010000
0.080011 0.379418 0.010000
0.077724 0.379894 0.010000
0.075434 0.380355 0.010000
0.073141 0.380802 0.010000
0.070846 0.381236 0.010000
0.068548 0.381656 0.010000
0.066248 0.382062 0.010000
0.063945 0.382454 0.010000
0.061640 0.382832 0.010000
0.059333 0.383197 0.010000
0.057023 0.383547 0.010000
0.054711 0.383884 0.010000
0.052398 0.384206 0.010000
0.050082 0.384515 0.010000
0.047765 0.384810 0.010000
0.045446 0.385091 0.010000
0.043126 0.385357 0.010000
0.040803 0.385610 0.010000
0.038480 0.385849 0.010000
0.036154 0.386074 0.010000
0.033828 0.386285 0.010000
0.031500 0.386481 0.010000
0.029172 0.386664 0.010000
0.026842 0.386833 0.010000
0.024511 0.386988 0.010000
0.022179 0.387128 0.010000
0.019847 0.387255 0.010000
0.017514 0.387367 0.010000
0.015180 0.387466 0.010000
0.012845 0.387550 0.010000
0.010510 0.387621 0.010000
0.008175 0.387677 0.010000
0.005840 0.387719 0.010000
0.003504 0.387747 0.010000
0.001168 0.387761 0.010000
-0.001168 0.387761 0.010000
-0.003504 0.387747 0.010000
-0.005840 0.387719 0.010000
-0.008175 0.387677 0.010000
-0.010510 0.387621 0.010000
-0.012845 0.387550 0.010000
-0.015180 0.387466 0.010000
-0.017514 0.387367 0.010000
-0.019847 0.387255 0.010000
-0.022179 0.387128 0.010000
-0.024511 0.386988 0.010000
-0.026842 0.386833 0.010000
-0.029172 0.386664 0.010000
-0.031500 0.386481 0.010000
-0.033828 0.386285 0.010000
-0.036154 0.386074 0.010000
-0.038480 0.385849 0.010000
-0.040803 0.385610 0.010000
-0.043126 0.385357 0.010000
-0.045446 0.385091 0.010000
-0.047765 0.384810 0.010000
-0.050082 0.384515 0.010000
-0.052398 0.384206 0.010000
-0.054711 0.383884 0.010000
-0.057023 0.383547 0.010000
-0.059333 0.383197 0.010000
-0.061640 0.382832 0.010000
-0.063945 0.382454 0.010000
-0.066248 0.382062 0.010000
-0.068548 0.381656 0.010000
-0.070846 0.381236 0.010000
-0.073141 0.380802 0.010000
-0.075434 0.380355 0.010000
-0.077724 0.379894 0.010000
-0.080011 0.379418 0.010000
-0.082295 0.378930 0.010000
-0.084576 0.378427 0.010000
-0.086855 0.377911 0.010000
-0.089130 0.377381 0.010000
-0.091401 0.376837 0.010000
-0.093670 0.376279 0.010000
-0.095935 0.375708 0.010000
-0.098196 0.375123 0.010000
-0.100454 0.374525 0.010000
-0.102709 0.373913 0.010000
-0.104959 0.373288 0.010000
-0.107206 0.372649 0.010000
-0.109449 0.371996 0.010000
-0.111688 0.371330 0.010000
-0.113923 0.370650 0.010000
-0.116154 0.369957 0.010000
-0.118380 0.369251 0.010000
-0.120603 0.368531 0.010000
-0.122821 0.367798 0.010000
-0.125034 0.367051 0.010000
-0.127243 0.366291 0.010000
-0.129447 0.365518 0.010000
-0.131647 0.364732 0.010000
-0.133841 0.363932 0.010000
-0.136031 0.363119 0.010000
-0.138216 0.362293 0.010000
-0.140396 0.361454 0.010000
-0.142571 0.360602 0.010000
-0.144741 0.359736 0.010000
-0.146905 0.358858 0.010000
-0.149065 0.357966 0.010000
-0.151218 0.357062 0.010000
-0.153367 0.356144 0.010000
-0.155509 0.355214 0.010000
-0.157646 0.354271 0.010000
-0.159778 0.353315 0.010000
-0.161903 0.352346 0.010000
-0.164023 0.351364 0.010000
-0.166136 0.350370 0.010000
-0.168244 0.349362 0.010000
0.159133 0.330442 0.010000
0.157139 0.331395 0.010000
0.155140 0.332335 0.010000
0.153135 0.333264 0.010000
0.151125 0.334180 0.010000
0.149109 0.335085 0.010000
0.147087 0.335977 0.010000
0.145061 0.336857 0.010000
0.143029 0.337725 0.010000
0.140992 0.338580 0.010000
0.138950 0.339423 0.010000
0.136902 0.340254 0.010000
0.134850 0.341073 0.010000
0.132793 0.341879 0.010000
0.130731 0.342673 0.010000
0.128664 0.343454 0.010000
0.126593 0.344223 0.010000
0.124517 0.344979 0.010000
0.122437 0.345723 0.010000
0.120352 0.346454 0.010000
0.118263 0.347173 0.010000
0.116169 0.347879 0.010000
0.114071 0.348573 0.010000
0.111969 0.349253 0.010000
0.109863 0.349922 0.010000
0.107753 0.350577 0.010000
0.105639 0.351220 0.010000
0.103522 0.351850 0.010000
0.101400 0.352467 0.010000
0.099275 0.353072 0.010000
0.097146 0.353663 0.010000
0.095014 0.354242 0.010000
0.092878 0.354808 0.010000
0.090739 0.355361 0.010000
0.088597 0.355901 0.010000
0.086451 0.356428 0.010000
0.084303 0.356943 0.010000
0.082151 0.357444 0.010000
0.079996 0.357933 0.010000
0.077838 0.358408 0.010000
0.075678 0.358870 0.010000
0.073515 0.359320 0.010000
0.071349 0.359756 0.010000
0.069180 0.360179 0.010000
0.067009 0.360590 0.010000
0.064836 0.360987 0.010000
0.062660 0.361371 0.010000
0.060482 0.361742 0.010000
0.058302 0.362099 0.010000
0.056119 0.362444 0.010000
0.053935 0.362776 0.010000
0.051748 0.363094 0.010000
0.049560 0.363399 0.010000
0.047370 0.363691 0.010000
0.045178 0.363970 0.010000
0.042985 0.364235 0.010000
0.040790 0.364488 0.010000
0.038594 0.364727 0.010000
0.036396 0.364953 0.010000
0.034196 0.365165 0.010000
0.031996 0.365365 0.010000
0.029794 0.365551 0.010000
0.027592 0.365724 0.010000
0.025388 0.365883 0.010000
0.023184 0.366030 0.010000
0.020978 0.366163 0.010000
0.018772 0.366282 0.010000
0.016565 0.366389 0.010000
0.014358 0.366482 0.010000
0.012150 0.366562 0.010000
0.009941 0.366628 0.010000
0.007732 0.366681 0.010000
0.005523 0.366721 0.010000
0.003314 0.366748 0.010000
0.001105 0.366761 0.010000
-0.001105 0.366761 0.010000
-0.003314 0.366748 0.010000
-0.005523 0.366721 0.010000
-0.007732 0.366681 0.010000
-0.009941 0.366628 0.010000
-0.012150 0.366562 0.010000
-0.014358 0.366482 0.010000
-0.016565 0.366389 0.010000
-0.018772 0.366282 0.010000
-0.020978 0.366163 0.010000
-0.023184 0.366030 0.010000
-0.025388 0.365883 0.010000
-0.027592 0.365724 0.010000
-0.029794 0.365551 0.010000
-0.031996 0.365365 0.010000
-0.034196 0.365165 0.010000
-0.036396 0.364953 0.010000
-0.038594 0.364727 0.010000
-0.040790 0.364488 0.010000
-0.042985 0.364235 0.010000
-0.045178 0.363970 0.010000
-0.047370 0.363691 0.010000
-0.049560 0.363399 0.010000
-0.051748 0.363094 0.010000
-0.053935 0.362776 0.010000
-0.056119 0.362444 0.010000
-0.058302 0.362099 0.010000
-0.060482 0.361742 0.010000
-0.062660 0.361371 0.010000
-0.064836 0.360987 0.010000
-0.067009 0.360590 0.010000
-0.069180 0.360179 0.010000
-0.071349 0.359756 0.010000
-0.073515 0.359320 0.010000
-0.075678 0.358870 0.010000
-0.077838 0.358408 0.010000
-0.079996 0.357933 0.010000
-0.082151 0.357444 0.010000
-0.084303 0.356943 0.010000
-0.086451 0.356428 0.010000
-0.088597 0.355901 0.010000
-0.090739 0.355361 0.010000
-0.092878 0.354808 0.010000
-0.095014 0.354242 0.010000
-0.097146 0.353663 0.010000
-0.099275 0.353072 0.010000
-0.101400 0.352467 0.010000
-0.103522 0.351850 0.010000
-0.105639 0.351220 0.010000
-0.107753 0.350577 0.010000
-0.109863 0.349922 0.010000
-0.111969 0.349253 0.010000
-0.114071 0.348573 0.010000
-0.116169 0.347879 0.010000
-0.118263 0.347173 0.010000
-0.120352 0.346454 0.010000
-0.122437 0.345723 0.010000
-0.124517 0.344979 0.010000
-0.126593 0.344223 0.010000
-0.128664 0.343454 0.010000
-0.130731 0.342673 0.010000
-0.132793 0.341879 0.010000
-0.134850 0.341073 0.010000
-0.136902 0.340254 0.010000
-0.138950 0.339423 0.010000
-0.140992 0.338580 0.010000
-0.143029 0.337725 0.010000
-0.145061 0.336857 0.010000
-0.147087 0.335977 0.010000
-0.149109 0.335085 0.010000
-0.151125 0.334180 0.010000
-0.153135 0.333264 0.010000
-0.155140 0.332335 0.010000
-0.157139 0.331395 0.010000
-0.159133 0.330442 0.010000
0.150021 0.311522 0.010000
0.148142 0.312420 0.010000
0.146257 0.313307 0.010000
0.144367 0.314182 0.010000
0.142472 0.315046 0.010000
0.140571 0.315898 0.010000
0.138665 0.316740 0.010000
0.136755 0.317569 0.010000
0.134839 0.318387 0.010000
0.132919 0.319194 0.010000
0.130994 0.319989 0.010000
0.129064 0.320772 0.010000
0.127129 0.321544 0.010000
0.125190 0.322304 0.010000
0.123246 0.323052 0.010000
0.121297 0.323789 0.010000
0.119345 0.324513 0.010000
0.117388 0.325226 0.010000
0.115426 0.325928 0.010000
0.113461 0.326617 0.010000
0.111491 0.327295 0.010000
0.109517 0.327960 0.010000
0.107540 0.328614 0.010000
0.105558 0.329256 0.010000
0.103573 0.329886 0.010000
0.101584 0.330504 0.010000
0.099591 0.331110 0.010000
0.097594 0.331704 0.010000
0.095594 0.332286 0.010000
0.093591 0.332856 0.010000
0.091584 0.333413 0.010000
0.089574 0.333959 0.010000
0.087560 0.334492 0.010000
0.085544 0.335014 0.010000
0.083524 0.335523 0.010000
0.081501 0.336020 0.010000
0.079476 0.336505 0.010000
0.077447 0.336978 0.010000
0.075416 0.337438 0.010000
0.073382 0.337886 0.010000
0.071345 0.338322 0.010000
0.069305 0.338746 0.010000
0.067263 0.339157 0.010000
0.065219 0.339556 0.010000
0.063172 0.339943 0.010000
0.061123 0.340317 0.010000
0.059072 0.340680 0.010000
0.057019 0.341029 0.010000
0.054963 0.341366 0.010000
0.052906 0.341691 0.010000
0.050847 0.342004 0.010000
0.048785 0.342304 0.010000
0.046722 0.342592 0.010000
0.044658 0.342867 0.010000
0.042592 0.343130 0.010000
0.040524 0.343380 0.010000
0.038454 0.343618 0.010000
0.036384 0.343843 0.010000
0.034312 0.344056 0.010000
0.032238 0.344257 0.010000
0.030164 0.344445 0.010000
0.028089 0.344620 0.010000
0.026012 0.344783 0.010000
0.023935 0.344934 0.010000
0.021856 0.345072 0.010000
0.019777 0.345197 0.010000
0.017697 0.345310 0.010000
0.015617 0.345410 0.010000
0.013536 0.345498 0.010000
0.011454 0.345573 0.010000
0.009372 0.345636 0.010000
0.007290 0.345686 0.010000
0.005207 0.345724 0.010000
0.003124 0.345749 0.010000
0.001041 0.345761 0.010000
-0.001041 0.345761 0.010000
-0.003124 0.345749 0.010000
-0.005207 0.345724 0.010000
-0.007290 0.345686 0.010000
-0.009372 0.345636 0.010000
-0.011454 0.345573 0.010000
-0.013536 0.345498 0.010000
-0.015617 0.345410 0.010000
-0.017697 0.345310 0.010000
-0.019777 0.345197 0.010000
-0.021856 0.345072 0.010000
-0.023935 0.344934 0.010000
-0.026012 0.344783 0.010000
-0.028089 0.344620 0.010000
-0.030164 0.344445 0.010000
-0.032238 0.344257 0.010000
-0.034312 0.344056 0.010000
-0.036384 0.343843 0.010000
-0.038454 0.343618 0.010000
-0.040524 0.343380 0.010000
-0.042592 0.343130 0.010000
-0.044658 0.342867 0.010000
-0.046722 0.342592 0.010000
-0.048785 0.342304 0.010000
-0.050847 0.342004 0.010000
-0.052906 0.341691 0.010000
-0.054963 0.341366 0.010000
-0.057019 0.341029 0.010000
-0.059072 0.340680 0.010000
-0.061123 0.340317 0.010000
-0.063172 0.339943 0.010000
-0.065219 0.339556 0.010000
-0.067263 0.339157 0.010000
-0.069305 0.338746 0.010000
-0.071345 0.338322 0.010000
-0.073382 0.337886 0.010000
-0.075416 0.337438 0.010000
-0.077447 0.336978 0.010000
-0.079476 0.336505 0.010000
-0.081501 0.336020 0.010000
-0.083524 0.335523 0.010000
-0.085544 0.335014 0.010000
-0.087560 0.334492 0.010000
-0.089574 0.333959 0.010000
-0.091584 0.333413 0.010000
-0.093591 0.332856 0.010000
-0.095594 0.332286 0.010000
-0.097594 0.331704 0.010000
-0.099591 0.331110 0.010000
-0.101584 0.330504 0.010000
-0.103573 0.329886 0.010000
-0.105558 0.329256 0.010000
-0.107540 0.328614 0.010000
-0.109517 0.327960 0.010000
-0.111491 0.327295 0.010000
-0.113461 0.326617 0.010000
-0.115426 0.325928 0.010000
-0.117388 0.325226 0.010000
-0.119345 0.324513 0.010000
-0.121297 0.323789 0.010000
-0.123246 0.323052 0.010000
-0.125190 0.322304 0.010000
-0.127129 0.321544 0.010000
-0.129064 0.320772 0.010000
-0.130994 0.319989 0.010000
-0.132919 0.319194 0.010000
-0.134839 0.318387 0.010000
-0.136755 0.317569 0.010000
-0.138665 0.316740 0.010000
-0.140571 0.315898 0.010000
-0.142472 0.315046 0.010000
-0.144367 0.314182 0.010000
-0.146257 0.313307 0.010000
-0.148142 0.312420 0.010000
-0.150021 0.311522 0.010000
0.140909 0.292601 0.010000
0.139144 0.293445 0.010000
0.137374 0.294278 0.010000
0.135599 0.295100 0.010000
0.133818 0.295912 0.010000
0.132033 0.296712 0.010000
0.130244 0.297502 0.010000
0.128449 0.298281 0.010000
0.126650 0.299050 0.010000
0.124846 0.299807 0.010000
0.123038 0.300554 0.010000
0.121225 0.301290 0.010000
0.119408 0.302015 0.010000
0.117586 0.302728 0.010000
0.115760 0.303431 0.010000
0.113930 0.304123 0.010000
0.112096 0.304804 0.010000
0.110258 0.305474 0.010000
0.108416 0.306132 0.010000
0.106570 0.306780 0.010000
0.104720 0.307416 0.010000
0.102866 0.308042 0.010000
0.101008 0.308656 0.010000
0.099147 0.309259 0.010000
0.097282 0.309850 0.010000
0.095414 0.310431 0.010000
0.093542 0.311000 0.010000
0.091667 0.311558 0.010000
0.089788 0.312104 0.010000
0.087907 0.312639 0.010000
0.086022 0.313163 0.010000
0.084134 0.313676 0.010000
0.082242 0.314177 0.010000
0.080348 0.314667 0.010000
0.078451 0.315145 0.010000
0.076551 0.315612 0.010000
0.074649 0.316067 0.010000
0.072743 0.316511 0.010000
0.070835 0.316944 0.010000
0.068925 0.317365 0.010000
0.067012 0.317774 0.010000
0.065096 0.318172 0.010000
0.063178 0.318559 0.010000
0.061258 0.318933 0.010000
0.059336 0.319297 0.010000
0.057411 0.319648 0.010000
0.055484 0.319988 0.010000
0.053556 0.320317 0.010000
0.051625 0.320634 0.010000
0.049693 0.320939 0.010000
0.047758 0.321232 0.010000
0.045822 0.321514 0.010000
0.043885 0.321784 0.010000
0.041946 0.322043 0.010000
0.040005 0.322290 0.010000
0.038063 0.322525 0.010000
0.036119 0.322748 0.010000
0.034174 0.322960 0.010000
0.032228 0.323160 0.010000
0.030280 0.323348 0.010000
0.028332 0.323525 0.010000
0.026383 0.323690 0.010000
0.024432 0.323843 0.010000
0.022481 0.323984 0.010000
0.020529 0.324114 0.010000
0.018576 0.324231 0.010000
0.016622 0.324337 0.010000
0.014668 0.324432 0.010000
0.012713 0.324514 0.010000
0.010758 0.324585 0.010000
0.008803 0.324644 0.010000
0.006847 0.324691 0.010000
0.004891 0.324726 0.010000
0.002935 0.324750 0.010000
0.000978 0.324762 0.010000
-0.000978 0.324762 0.010000
-0.002935 0.324750 0.010000
-0.004891 0.324726 0.010000
-0.006847 0.324691 0.010000
-0.008803 0.324644 0.010000
-0.010758 0.324585 0.010000
-0.012713 0.324514 0.010000
-0.014668 0.324432 0.010000
-0.016622 0.324337 0.010000
-0.018576 0.324231 0.010000
-0.020529 0.324114 0.010000
-0.022481 0.323984 0.010000
-0.024432 0.323843 0.010000
-0.026383 0.323690 0.010000
-0.028332 0.323525 0.010000
-0.030280 0.323348 0.010000
-0.032228 0.323160 0.010000
-0.034174 0.322960 0.010000
-0.036119 0.322748 0.010000
-0.038063 0.322525 0.010000
-0.040005 0.322290 0.010000
-0.041946 0.322043 0.010000
-0.043885 0.321784 0.010000
-0.045822 0.321514 0.010000
-0.047758 0.321232 0.010000
-0.049693 0.320939 0.010000
-0.051625 0.320634 0.010000
-0.053556 0.320317 0.010000
-0.055484 0.319988 0.010000
-0.057411 0.319648 0.010000
-0.059336 0.319297 0.010000
-0.061258 0.318933 0.010000
-0.063178 0.318559 0.010000
-0.065096 0.318172 0.010000
-0.067012 0.317774 0.010000
-0.068925 0.317365 0.010000
-0.070835 0.316944 0.010000
-0.072743 0.316511 0.010000
-0.074649 0.316067 0.010000
-0.076551 0.315612 0.010000
-0.078451 0.315145 0.010000
-0.080348 0.314667 0.010000
-0.082242 0.314177 0.010000
-0.084134 0.313676 0.010000
-0.086022 0.313163 0.010000
-0.087907 0.312639 0.010000
-0.089788 0.312104 0.010000
-0.091667 0.311558 0.010000
-0.093542 0.311000 0.010000
-0.095414 0.310431 0.010000
-0.097282 0.309850 0.010000
-0.099147 0.309259 0.010000
-0.101008 0.308656 0.010000
-0.102866 0.308042 0.010000
-0.104720 0.307416 0.010000
-0.106570 0.306780 0.010000
-0.108416 0.306132 0.010000
-0.110258 0.305474 0.010000
-0.112096 0.304804 0.010000
-0.113930 0.304123 0.010000
-0.115760 0.303431 0.010000
-0.117586 0.302728 0.010000
-0.119408 0.302015 0.010000
-0.121225 0.301290 0.010000
-0.123038 0.300554 0.010000
-0.124846 0.299807 0.010000
-0.126650 0.299050 0.010000
-0.128449 0.298281 0.010000
-0.130244 0.297502 0.010000
-0.132033 0.296712 0.010000
-0.133818 0.295912 0.010000
-0.135599 0.295100 0.010000
-0.137374 0.294278 0.010000
-0.139144 0.293445 0.010000
-0.140909 0.292601 0.010000
0.131364 0.272780 0.010000
0.129718 0.273566 0.010000
0.128068 0.274343 0.010000
0.126413 0.275109 0.010000
0.124753 0.275866 0.010000
0.123089 0.276612 0.010000
0.121421 0.277349 0.010000
0.119748 0.278075 0.010000
0.118070 0.278792 0.010000
0.116389 0.279498 0.010000
0.114703 0.280194 0.010000
0.113013 0.280880 0.010000
0.111319 0.281556 0.010000
0.109621 0.282221 0.010000
0.107919 0.282876 0.010000
0.106213 0.283521 0.010000
0.104503 0.284156 0.010000
0.102789 0.284780 0.010000
0.101072 0.285394 0.010000
0.099350 0.285998 0.010000
0.097626 0.286591 0.010000
0.095898 0.287174 0.010000
0.094166 0.287747 0.010000
0.092431 0.288309 0.010000
0.090692 0.288860 0.010000
0.088950 0.289402 0.010000
0.087205 0.289932 0.010000
0.085457 0.290452 0.010000
0.083706 0.290962 0.010000
0.081952 0.291461 0.010000
0.080194 0.291949 0.010000
0.078434 0.292427 0.010000
0.076671 0.292894 0.010000
0.074905 0.293351 0.010000
0.073137 0.293797 0.010000
0.071366 0.294232 0.010000
0.069592 0.294656 0.010000
0.067816 0.295070 0.010000
0.066037 0.295473 0.010000
0.064256 0.295866 0.010000
0.062472 0.296248 0.010000
0.060686 0.296619 0.010000
0.058898 0.296979 0.010000
0.057108 0.297328 0.010000
0.055316 0.297667 0.010000
0.053522 0.297995 0.010000
0.051726 0.298312 0.010000
0.049928 0.298618 0.010000
0.048128 0.298913 0.010000
0.046326 0.299198 0.010000
0.044523 0.299471 0.010000
0.042718 0.299734 0.010000
0.040912 0.299986 0.010000
0.039104 0.300227 0.010000
0.037295 0.300457 0.010000
0.035484 0.300676 0.010000
0.033672 0.300885 0.010000
0.031859 0.301082 0.010000
0.030045 0.301269 0.010000
0.028229 0.301444 0.010000
0.026413 0.301609 0.010000
0.024595 0.301762 0.010000
0.022777 0.301905 0.010000
0.020958 0.302037 0.010000
0.019138 0.302158 0.010000
0.017317 0.302267 0.010000
0.015496 0.302366 0.010000
0.013675 0.302454 0.010000
0.011852 0.302531 0.010000
0.010030 0.302597 0.010000
0.008206 0.302652 0.010000
0.006383 0.302696 0.010000
0.004560 0.302729 0.010000
0.002736 0.302751 0.010000
0.000912 0.302762 0.010000
-0.000912 0.302762 0.010000
-0.002736 0.302751 0.010000
-0.004560 0.302729 0.010000
-0.006383 0.302696 0.010000
-0.008206 0.302652 0.010000
-0.010030 0.302597 0.010000
-0.011852 0.302531 0.010000
-0.013675 0.302454 0.010000
-0.015496 0.302366 0.010000
-0.017317 0.302267 0.010000
-0.019138 0.302158 0.010000
-0.020958 0.302037 0.010000
-0.022777 0.301905 0.010000
-0.024595 0.301762 0.010000
-0.026413 0.301609 0.010000
-0.028229 0.301444 0.010000
-0.030045 0.301269 0.010000
-0.031859 0.301082 0.010000
-0.033672 0.300885 0.010000
-0.035484 0.300676 0.010000
-0.037295 0.300457 0.010000
-0.039104 0.300227 0.010000
-0.040912 0.299986 0.010000
-0.042718 0.299734 0.010000
-0.044523 0.299471 0.010000
-0.046326 0.299198 0.010000
-0.048128 0.298913 0.010000
-0.049928 0.298618 0.010000
-0.051726 0.298312 0.010000
-0.053522 0.297995 0.010000
-0.055316 0.297667 0.010000
-0.057108 0.297328 0.010000
-0.058898 0.296979 0.010000
-0.060686 0.296619 0.010000
-0.062472 0.296248 0.010000
-0.064256 0.295866 0.010000
-0.066037 0.295473 0.010000
-0.067816 0.295070 0.010000
-0.069592 0.294656 0.010000
-0.071366 0.294232 0.010000
-0.073137 0.293797 0.010000
-0.074905 0.293351 0.010000
-0.076671 0.292894 0.010000
-0.078434 0.292427 0.010000
-0.080194 0.291949 0.010000
-0.081952 0.291461 0.010000
-0.083706 0.290962 0.010000
-0.085457 0.290452 0.010000
-0.087205 0.289932 0.010000
-0.088950 0.289402 0.010000
-0.090692 0.288860 0.010000
-0.092431 0.288309 0.010000
-0.094166 0.287747 0.010000
-0.095898 0.287174 0.010000
-0.097626 0.286591 0.010000
-0.099350 0.285998 0.010000
-0.101072 0.285394 0.010000
-0.102789 0.284780 0.010000
-0.104503 0.284156 0.010000
-0.106213 0.283521 0.010000
-0.107919 0.282876 0.010000
-0.109621 0.282221 0.010000
-0.111319 0.281556 0.010000
-0.113013 0.280880 0.010000
-0.114703 0.280194 0.010000
-0.116389 0.279498 0.010000
-0.118070 0.278792 0.010000
-0.119748 0.278075 0.010000
-0.121421 0.277349 0.010000
-0.123089 0.276612 0.010000
-0.124753 0.275866 0.010000
-0.126413 0.275109 0.010000
-0.128068 0.274343 0.010000
-0.129718 0.273566 0.010000
-0.131364 0.272780 0.010000
0.168244 0.349362 0.000000
0.166136 0.350370 0.000000
0.164023 0.351364 0.000000
0.161903 0.352346 0.000000
0.159778 0.353315 0.000000
0.157646 0.354271 0.000000
0.155509 0.355214 0.000000
0.153367 0.356144 0.000000
0.151218 0.357062 0.000000
0.149065 0.357966 0.000000
0.146905 0.358858 0.000000
0.144741 0.359736 0.000000
0.142571 0.360602 0.000000
0.140396 0.361454 0.000000
0.138216 0.362293 0.000000
0.136031 0.363119 0.000000
0.133841 0.363932 0.000000
0.131647 0.364732 0.000000
0.129447 0.365518 0.000000
0.127243 0.366291 0.000000
0.125034 0.367051 0.000000
0.122821 0.367798 0.000000
0.120603 0.368531 0.000000
0.118380 0.369251 0.000000
0.116154 0.369957 0.000000
0.113923 0.370650 0.000000
0.111688 0.371330 0.000000
0.109449 0.371996 0.000000
0.107206 0.372649 0.000000
0.104959 0.373288 0.000000
0.102709 0.373913 0.000000
0.100454 0.374525 0.000000
0.098196 0.375123 0.000000
0.095935 0.375708 0.000000
0.093670 0.376279 0.000000
0.091401 0.376837 0.000000
0.089130 0.377381 0.000000
0.086855 0.377911 0.000000
0.084576 0.378427 0.000000
0.082295 0.378930 0.000000
0.080011 0.379418 0.000000
0.077724 0.379894 0.000000
0.075434 0.380355 0.000000
0.073141 0.380802 0.000000
0.070846 0.381236 0.000000
0.068548 0.381656 0.000000
0.066248 0.382062 0.000000
0.063945 0.382454 0.000000
0.061640 0.382832 0.000000
0.059333 0.383197 0.000000
0.057023 0.383547 0.000000
0.054711 0.383884 0.000000
0.052398 0.384206 0.000000
0.050082 0.384515 0.000000
0.047765 0.384810 0.000000
0.045446 0.385091 0.000000
0.043126 0.385357 0.000000
0.040803 0.385610 0.000000
0.038480 0.385849 0.000000
0.036154 0.386074 0.000000
0.033828 0.386285 0.000000
0.031500 0.386481 0.000000
0.029172 0.386664 0.000000
0.026842 0.386833 0.000000
0.024511 0.386988 0.000000
0.022179 0.387128 0.000000
0.019847 0.387255 0.000000
0.017514 0.387367 0.000000
0.015180 0.387466 0.000000
0.012845 0.387550 0.000000
0.010510 0.387621 0.000000
0.008175 0.387677 0.000000
0.005840 0.387719 0.000000
0.003504 0.387747 0.000000
0.001168 0.387761 0.000000
-0.001168 0.387761 0.000000
-0.003504 0.387747 0.000000
-0.005840 0.387719 0.000000
-0.008175 0.387677 0.000000
-0.010510 0.387621 0.000000
-0.012845 0.387550 0.000000
-0.015180 0.387466 0.000000
-0.017514 0.387367 0.000000
-0.019847 0.387255 0.000000
-0.022179 0.387128 0.000000
-0.024511 0.386988 0.000000
-0.026842 0.386833 0.000000
-0.029172 0.386664 0.000000
-0.031500 0.386481 0.000000
-0.033828 0.386285 0.000000
-0.036154 0.386074 0.000000
-0.038480 0.385849 0.000000
-0.040803 0.385610 0.000000
-0.043126 0.385357 0.000000
-0.045446 0.385091 0.000000
-0.047765 0.384810 0.000000
-0.050082 0.384515 0.000000
-0.052398 0.384206 0.000000
-0.054711 0.383884 0.000000
-0.057023 0.383547 0.000000
-0.059333 0.383197 0.000000
-0.061640 0.382832 0.000000
-0.063945 0.382454 0.000000
-0.066248 0.382062 0.000000
-0.068548 0.381656 0.000000
-0.070846 0.381236 0.000000
-0.073141 0.380802 0.000000
-0.075434 0.380355 0.000000
-0.077724 0.379894 0.000000
-0.080011 0.379418 0.000000
-0.082295 0.378930 0.000000
-0.084576 0.378427 0.000000
-0.086855 0.377911 0.000000
-0.089130 0.377381 0.000000
-0.091401 0.376837 0.000000
-0.093670 0.376279 0.000000
-0.095935 0.375708 0.000000
-0.098196 0.375123 0.000000
-0.100454 0.374525 0.000000
-0.102709 0.373913 0.000000
-0.104959 0.373288 0.000000
-0.107206 0.372649 0.000000
-0.109449 0.371996 0.000000
-0.111688 0.371330 0.000000
-0.113923 0.370650 0.000000
-0.116154 0.369957 0.000000
-0.118380 0.369251 0.000000
-0.120603 0.368531 0.000000
-0.122821 0.367798 0.000000
-0.125034 0.367051 0.000000
-0.127243 0.366291 0.000000
-0.129447 0.365518 0.000000
-0.131647 0.364732 0.000000
-0.133841 0.363932 0.000000
-0.136031 0.363119 0.000000
-0.138216 0.362293 0.000000
-0.140396 0.361454 0.000000
-0.142571 0.360602 0.000000
-0.144741 0.359736 0.000000
-0.146905 0.358858 0.000000
-0.149065 0.357966 0.000000
-0.151218 0.357062 0.000000
-0.153367 0.356144 0.000000
-0.155509 0.355214 0.000000
-0.157646 0.354271 0.000000
-0.159778 0.353315 0.000000
-0.161903 0.352346 0.000000
-0.164023 0.351364 0.000000
-0.166136 0.350370 0.000000
-0.168244 0.349362 0.000000
0.159133 0.330442 0.000000
0.157139 0.331395 0.000000
0.155140 0.332335 0.000000
0.153135 0.333264 0.000000
0.151125 0.334180 0.000000
0.149109 0.335085 0.000000
0.147087 0.335977 0.000000
0.145061 0.336857 0.000000
0.143029 0.337725 0.000000
0.140992 0.338580 0.000000
0.138950 0.339423 0.000000
0.136902 0.340254 0.000000
0.134850 0.341073 0.000000
0.132793 0.341879 0.000000
0.130731 0.342673 0.000000
0.128664 0.343454 0.000000
0.126593 0.344223 0.000000
0.124517 0.344979 0.000000
0.122437 0.345723 0.000000
0.120352 0.346454 0.000000
0.118263 0.347173 0.000000
0.116169 0.347879 0.000000
0.114071 0.348573 0.000000
0.111969 0.349253 0.000000
0.109863 0.349922 0.000000
0.107753 0.350577 0.000000
0.105639 0.351220 0.000000
0.103522 0.351850 0.000000
0.101400 0.352467 0.000000
0.099275 0.353072 0.000000
0.097146 0.353663 0.000000
0.095014 0.354242 0.000000
0.092878 0.354808 0.000000
0.090739 0.355361 0.000000
0.088597 0.355901 0.000000
0.086451 0.356428 0.000000
0.084303 0.356943 0.000000
0.082151 0.357444 0.000000
0.079996 0.357933 0.000000
0.077838 0.358408 0.000000
0.075678 0.358870 0.000000
0.073515 0.359320 0.000000
0.071349 0.359756 0.000000
0.069180 0.360179 0.000000
0.067009 0.360590 0.000000
0.064836 0.360987 0.000000
0.062660 0.361371 0.000000
0.060482 0.361742 0.000000
0.058302 0.362099 0.000000
0.056119 0.362444 0.000000
0.053935 0.362776 0.000000
0.051748 0.363094 0.000000
0.049560 0.363399 0.000000
0.047370 0.363691 0.000000
0.045178 0.363970 0.000000
0.042985 0.364235 0.000000
0.040790 0.364488 0.000000
0.038594 0.364727 0.000000
0.036396 0.364953 0.000000
0.034196 0.365165 0.000000
0.031996 0.365365 0.000000
0.029794 0.365551 0.000000
0.027592 0.365724 0.000000
0.025388 0.365883 0.000000
0.023184 0.366030 0.000000
0.020978 0.366163 0.000000
0.018772 0.366282 0.000000
0.016565 0.366389 0.000000
0.014358 0.366482 0.000000
0.012150 0.366562 0.000000
0.009941 0.366628 0.000000
0.007732 0.366681 0.000000
0.005523 0.366721 0.000000
0.003314 0.366748 0.000000
0.001105 0.366761 0.000000
-0.001105 0.366761 0.000000
-0.003314 0.366748 0.000000
-0.005523 0.366721 0.000000
-0.007732 0.366681 0.000000
-0.009941 0.366628 0.000000
-0.012150 0.366562 0.000000
-0.014358 0.366482 0.000000
-0.016565 0.366389 0.000000
-0.018772 0.366282 0.000000
-0.020978 0.366163 0.000000
-0.023184 0.366030 0.000000
-0.025388 0.365883 0.000000
-0.027592 0.365724 0.000000
-0.029794 0.365551 0.000000
-0.031996 0.365365 0.000000
-0.034196 0.365165 0.000000
-0.036396 0.364953 0.000000
-0.038594 0.364727 0.000000
-0.040790 0.364488 0.000000
-0.042985 0.364235 0.000000
-0.045178 0.363970 0.000000
-0.047370 0.363691 0.000000
-0.049560 0.363399 0.000000
-0.051748 0.363094 0.000000
-0.053935 0.362776 0.000000
-0.056119 0.362444 0.000000
-0.058302 0.362099 0.000000
-0.060482 0.361742 0.000000
-0.062660 0.361371 0.000000
-0.064836 0.360987 0.000000
-0.067009 0.360590 0.000000
-0.069180 0.360179 0.000000
-0.071349 0.359756 0.000000
-0.073515 0.359320 0.000000
-0.075678 0.358870 0.000000
-0.077838 0.358408 0.000000
-0.079996 0.357933 0.000000
-0.082151 0.357444 0.000000
-0.084303 0.356943 0.000000
-0.086451 0.356428 0.000000
-0.088597 0.355901 0.000000
-0.090739 0.355361 0.000000
-0.092878 0.354808 0.000000
-0.095014 0.354242 0.000000
-0.097146 0.353663 0.000000
-0.099275 0.353072 0.000000
-0.101400 0.352467 0.000000
-0.103522 0.351850 0.000000
-0.105639 0.351220 0.000000
-0.107753 0.350577 0.000000
-0.109863 0.349922 0.000000
-0.111969 0.349253 0.000000
-0.114071 0.348573 0.000000
-0.116169 0.347879 0.000000
-0.118263 0.347173 0.000000
-0.120352 0.346454 0.000000
-0.122437 0.345723 0.000000
-0.124517 0.344979 0.000000
-0.126593 0.344223 0.000000
-0.128664 0.343454 0.000000
-0.130731 0.342673 0.000000
-0.132793 0.341879 0.000000
-0.134850 0.341073 0.000000
-0.136902 0.340254 0.000000
-0.138950 0.339423 0.000000
-0.140992 0.338580 0.000000
-0.143029 0.337725 0.000000
-0.145061 0.336857 0.000000
-0.147087 0.335977 0.000000
-0.149109 0.335085 0.000000
-0.151125 0.334180 0.000000
-0.153135 0.333264 0.000000
-0.155140 0.332335 0.000000
-0.157139 0.331395 0.000000
-0.159133 0.330442 0.000000
0.150021 0.311522 0.000000
0.148142 0.312420 0.000000
0.146257 0.313307 0.000000
0.144367 0.314182 0.000000
0.142472 0.315046 0.000000
0.140571 0.315898 0.000000
0.138665 0.316740 0.000000
0.136755 0.317569 0.000000
0.134839 0.318387 0.000000
0.132919 0.319194 0.000000
0.130994 0.319989 0.000000
0.129064 0.320772 0.000000
0.127129 0.321544 0.000000
0.125190 0.322304 0.000000
0.123246 0.323052 0.000000
0.121297 0.323789 0.000000
0.119345 0.324513 0.000000
0.117388 0.325226 0.000000
0.115426 0.325928 0.000000
0.113461 0.326617 0.000000
0.111491 0.327295 0.000000
0.109517 0.327960 0.000000
0.107540 0.328614 0.000000
0.105558 0.329256 0.000000
0.103573 0.329886 0.000000
0.101584 0.330504 0.000000
0.099591 0.331110 0.000000
0.097594 0.331704 0.000000
0.095594 0.332286 0.000000
0.093591 0.332856 0.000000
0.091584 0.333413 0.000000
0.089574 0.333959 0.000000
0.087560 0.334492 0.000000
0.085544 0.335014 0.000000
0.083524 0.335523 0.000000
0.081501 0.336020 0.000000
0.079476 0.336505 0.000000
0.077447 0.336978 0.000000
0.075416 0.337438 0.000000
0.073382 0.337886 0.000000
0.071345 0.338322 0.000000
0.069305 0.338746 0.000000
0.067263 0.339157 0.000000
0.065219 0.339556 0.000000
0.063172 0.339943 0.000000
0.061123 0.340317 0.000000
0.059072 0.340680 0.000000
0.057019 0.341029 0.000000
0.054963 0.341366 0.000000
0.052906 0.341691 0.000000
0.050847 0.342004 0.000000
0.048785 0.342304 0.000000
0.046722 0.342592 0.000000
0.044658 0.342867 0.000000
0.042592 0.343130 0.000000
0.040524 0.343380 0.000000
0.038454 0.343618 0.000000
0.036384 0.343843 0.000000
0.034312 0.344056 0.000000
0.032238 0.344257 0.000000
0.030164 0.344445 0.000000
0.028089 0.344620 0.000000
0.026012 0.344783 0.000000
0.023935 0.344934 0.000000
0.021856 0.345072 0.000000
0.019777 0.345197 0.000000
0.017697 0.345310 0.000000
0.015617 0.345410 0.000000
0.013536 0.345498 0.000000
0.011454 0.345573 0.000000
0.009372 0.345636 0.000000
0.007290 0.345686 0.000000
0.005207 0.345724 0.000000
0.003124 0.345749 0.000000
0.001041 0.345761 0.000000
-0.001041 0.345761 0.000000
-0.003124 0.345749 0.000000
-0.005207 0.345724 0.000000
-0.007290 0.345686 0.000000
-0.009372 0.345636 0.000000
-0.011454 0.345573 0.000000
-0.013536 0.345498 0.000000
-0.015617 0.345410 0.000000
-0.017697 0.345310 0.000000
-0.019777 0.345197 0.000000
-0.021856 0.345072 0.000000
-0.023935 0.344934 0.000000
-0.026012 0.344783 0.000000
-0.028089 0.344620 0.000000
-0.030164 0.344445 0.000000
-0.032238 0.344257 0.000000
-0.034312 0.344056 0.000000
-0.036384 0.343843 0.000000
-0.038454 0.343618 0.000000
-0.040524 0.343380 0.000000
-0.042592 0.343130 0.000000
-0.044658 0.342867 0.000000
-0.046722 0.342592 0.000000
-0.048785 0.342304 0.000000
-0.050847 0.342004 0.000000
-0.052906 0.341691 0.000000
-0.054963 0.341366 0.000000
-0.057019 0.341029 0.000000
-0.059072 0.340680 0.000000
-0.061123 0.340317 0.000000
-0.063172 0.339943 0.000000
-0.065219 0.339556 0.000000
-0.067263 0.339157 0.000000
-0.069305 0.338746 0.000000
-0.071345 0.338322 0.000000
-0.073382 0.337886 0.000000
-0.075416 0.337438 0.000000
-0.077447 0.336978 0.000000
-0.079476 0.336505 0.000000
-0.081501 0.336020 0.000000
-0.083524 0.335523 0.000000
-0.085544 0.335014 0.000000
-0.087560 0.334492 0.000000
-0.089574 0.333959 0.000000
-0.091584 0.333413 0.000000
-0.093591 0.332856 0.000000
-0.095594 0.332286 0.000000
-0.097594 0.331704 0.000000
-0.099591 0.331110 0.000000
-0.101584 0.330504 0.000000
-0.103573 0.329886 0.000000
-0.105558 0.329256 0.000000
-0.107540 0.328614 0.000000
-0.109517 0.327960 0.000000
-0.111491 0.327295 0.000000
-0.113461 0.326617 0.000000
-0.115426 0.325928 0.000000
-0.117388 0.325226 0.000000
-0.119345 0.324513 0.000000
-0.121297 0.323789 0.000000
-0.123246 0.323052 0.000000
-0.125190 0.322304 0.000000
-0.127129 0.321544 0.000000
-0.129064 0.320772 0.000000
-0.130994 0.319989 0.000000
-0.132919 0.319194 0.000000
-0.134839 0.318387 0.000000
-0.136755 0.317569 0.000000
-0.138665 0.316740 0.000000
-0.140571 0.315898 0.000000
-0.142472 0.315046 0.000000
-0.144367 0.314182 0.000000
-0.146257 0.313307 0.000000
-0.148142 0.312420 0.000000
-0.150021 0.311522 0.000000
0.140909 0.292601 0.000000
0.139144 0.293445 0.000000
0.137374 0.294278 0.000000
0.135599 0.295100 0.000000
0.133818 0.295912 0.000000
0.132033 0.296712 0.000000
0.130244 0.297502 0.000000
0.128449 0.298281 0.000000
0.126650 0.299050 0.000000
0.124846 0.299807 0.000000
0.123038 0.300554 0.000000
0.121225 0.301290 0.000000
0.119408 0.302015 0.000000
0.117586 0.302728 0.000000
0.115760 0.303431 0.000000
0.113930 0.304123 0.000000
0.112096 0.304804 0.000000
0.110258 0.305474 0.000000
0.108416 0.306132 0.000000
0.106570 0.306780 0.000000
0.104720 0.307416 0.000000
0.102866 0.308042 0.000000
0.101008 0.308656 0.000000
0.099147 0.309259 0.000000
0.097282 0.309850 0.000000
0.095414 0.310431 0.000000
0.093542 0.311000 0.000000
0.091667 0.311558 0.000000
0.089788 0.312104 0.000000
0.087907 0.312639 0.000000
0.086022 0.313163 0.000000
0.084134 0.313676 0.000000
0.082242 0.314177 0.000000
0.080348 0.314667 0.000000
0.078451 0.315145 0.000000
0.076551 0.315612 0.000000
0.074649 0.316067 0.000000
0.072743 0.316511 0.000000
0.070835 0.316944 0.000000
0.068925 0.317365 0.000000
0.067012 0.317774 0.000000
0.065096 0.318172 0.000000
0.063178 0.318559 0.000000
0.061258 0.318933 0.000000
0.059336 0.319297 0.000000
0.057411 0.319648 0.000000
0.055484 0.319988 0.000000
0.053556 0.320317 0.000000
0.051625 0.320634 0.000000
0.049693 0.320939 0.000000
0.047758 0.321232 0.000000
0.045822 0.321514 0.000000
0.043885 0.321784 0.000000
0.041946 0.322043 0.000000
0.040005 0.322290 0.000000
0.038063 0.322525 0.000000
0.036119 0.322748 0.000000
0.034174 0.322960 0.000000
0.032228 0.323160 0.000000
0.030280 0.323348 0.000000
0.028332 0.323525 0.000000
0.026383 0.323690 0.000000
0.024432 0.323843 0.000000
0.022481 0.323984 0.000000
0.020529 0.324114 0.000000
0.018576 0.324231 0.000000
0.016622 0.324337 0.000000
0.014668 0.324432 0.000000
0.012713 0.324514 0.000000
0.010758 0.324585 0.000000
0.008803 0.324644 0.000000
0.006847 0.324691 0.000000
0.004891 0.324726 0.000000
0.002935 0.324750 0.000000
0.000978 0.324762 0.000000
-0.000978 0.324762 0.000000
-0.002935 0.324750 0.000000
-0.004891 0.324726 0.000000
-0.006847 0.324691 0.000000
-0.008803 0.324644 0.000000
-0.010758 0.324585 0.000000
-0.012713 0.324514 0.000000
-0.014668 0.324432 0.000000
-0.016622 0.324337 0.000000
-0.018576 0.324231 0.000000
-0.020529 0.324114 0.000000
-0.022481 0.323984 0.000000
-0.024432 0.323843 0.000000
-0.026383 0.323690 0.000000
-0.028332 0.323525 0.000000
-0.030280 0.323348 0.000000
-0.032228 0.323160 0.000000
-0.034174 0.322960 0.000000
-0.036119 0.322748 0.000000
-0.038063 0.322525 0.000000
-0.040005 0.322290 0.000000
-0.041946 0.322043 0.000000
-0.043885 0.321784 0.000000
-0.045822 0.321514 0.000000
-0.047758 0.321232 0.000000
-0.049693 0.320939 0.000000
-0.051625 0.320634 0.000000
-0.053556 0.320317 0.000000
-0.055484 0.319988 0.000000
-0.057411 0.319648 0.000000
-0.059336 0.319297 0.000000
-0.061258 0.318933 0.000000
-0.063178 0.318559 0.000000
-0.065096 0.318172 0.000000
-0.067012 0.317774 0.000000
-0.068925 0.317365 0.000000
-0.070835 0.316944 0.000000
-0.072743 0.316511 0.000000
-0.074649 0.316067 0.000000
-0.076551 0.315612 0.000000
-0.078451 0.315145 0.000000
-0.080348 0.314667 0.000000
-0.082242 0.314177 0.000000
-0.084134 0.313676 0.000000
-0.086022 0.313163 0.000000
-0.087907 0.312639 0.000000
-0.089788 0.312104 0.000000
-0.091667 0.311558 0.000000
-0.093542 0.311000 0.000000
-0.095414 0.310431 0.000000
-0.097282 0.309850 0.000000
-0.099147 0.309259 0.000000
-0.101008 0.308656 0.000000
-0.102866 0.308042 0.000000
-0.104720 0.307416 0.000000
-0.106570 0.306780 0.000000
-0.108416 0.306132 0.000000
-0.110258 0.305474 0.000000
-0.112096 0.304804 0.000000
-0.113930 0.304123 0.000000
-0.115760 0.303431 0.000000
-0.117586 0.302728 0.000000
-0.119408 0.302015 0.000000
-0.121225 0.301290 0.000000
-0.123038 0.300554 0.000000
-0.124846 0.299807 0.000000
-0.126650 0.299050 0.000000
-0.128449 0.298281 0.000000
-0.130244 0.297502 0.000000
-0.132033 0.296712 0.000000
-0.133818 0.295912 0.000000
-0.135599 0.295100 0.000000
-0.137374 0.294278 0.000000
-0.139144 0.293445 0.000000
-0.140909 0.292601 0.000000
0.131364 0.272780 0.000000
0.129718 0.273566 0.000000
0.128068 0.274343 0.000000
0.126413 0.275109 0.000000
0.124753 0.275866 0.000000
0.123089 0.276612 0.000000
0.121421 0.277349 0.000000
0.119748 0.278075 0.000000
0.118070 0.278792 0.000000
0.116389 0.279498 0.000000
0.114703 0.280194 0.000000
0.113013 0.280880 0.000000
0.111319 0.281556 0.000000
0.109621 0.282221 0.000000
0.107919 0.282876 0.000000
0.106213 0.283521 0.000000
0.104503 0.284156 0.000000
0.102789 0.284780 0.000000
0.101072 0.285394 0.000000
0.099350 0.285998 0.000000
0.097626 0.286591 0.000000
0.095898 0.287174 0.000000
0.094166 0.287747 0.000000
0.092431 0.288309 0.000000
0.090692 0.288860 0.000000
0.088950 0.289402 0.000000
0.087205 0.289932 0.000000
0.085457 0.290452 0.000000
0.083706 0.290962 0.000000
0.081952 0.291461 0.000000
0.080194 0.291949 0.000000
0.078434 0.292427 0.000000
0.076671 0.292894 0.000000
0.074905 0.293351 0.000000
0.073137 0.293797 0.000000
0.071366 0.294232 0.000000
0.069592 0.294656 0.000000
0.067816 0.295070 0.000000
0.066037 0.295473 0.000000
0.064256 0.295866 0.000000
0.062472 0.296248 0.000000
0.060686 0.296619 0.000000
0.058898 0.296979 0.000000
0.057108 0.297328 0.000000
0.055316 0.297667 0.000000
0.053522 0.297995 0.000000
0.051726 0.298312 0.000000
0.049928 0.298618 0.000000
0.048128 0.298913 0.000000
0.046326 0.299198 0.000000
0.044523 0.299471 0.000000
0.042718 0.299734 0.000000
0.040912 0.299986 0.000000
0.039104 0.300227 0.000000
0.037295 0.300457 0.000000
0.035484 0.300676 0.000000
0.033672 0.300885 0.000000
0.031859 0.301082 0.000000
0.030045 0.301269 0.000000
0.028229 0.301444 0.000000
0.026413 0.301609 0.000000
0.024595 0.301762 0.000000
0.022777 0.301905 0.000000
0.020958 0.302037 0.000000
0.019138 0.302158 0.000000
0.017317 0.302267 0.000000
0.015496 0.302366 0.000000
0.013675 0.302454 0.000000
0.011852 0.302531 0.000000
0.010030 0.302597 0.000000
0.008206 0.302652 0.000000
0.006383 0.302696 0.000000
0.004560 0.302729 0.000000
0.002736 0.302751 0.000000
0.000912 0.302762 0.000000
-0.000912 0.302762 0.000000
-0.002736 0.302751 0.000000
-0.004560 0.302729 0.000000
-0.006383 0.302696 0.000000
-0.008206 0.302652 0.000000
-0.010030 0.302597 0.000000
-0.011852 0.302531 0.000000
-0.013675 0.302454 0.000000
-0.015496 0.302366 0.000000
-0.017317 0.302267 0.000000
-0.019138 0.302158 0.000000
-0.020958 0.302037 0.000000
-0.022777 0.301905 0.000000
-0.024595 0.301762 0.000000
-0.026413 0.301609 0.000000
-0.028229 0.301444 0.000000
-0.030045 0.301269 0.000000
-0.031859 0.301082 0.000000
-0.033672 0.300885 0.000000
-0.035484 0.300676 0.000000
-0.037295 0.300457 0.000000
-0.039104 0.300227 0.000000
-0.040912 0.299986 0.000000
-0.042718 0.299734 0.000000
-0.044523 0.299471 0.000000
-0.046326 0.299198 0.000000
-0.048128 0.298913 0.000000
-0.049928 0.298618 0.000000
-0.051726 0.298312 0.000000
-0.053522 0.297995 0.000000
-0.055316 0.297667 0.000000
-0.057108 0.297328 0.000000
-0.058898 0.296979 0.000000
-0.060686 0.296619 0.000000
-0.062472 0.296248 0.000000
-0.064256 0.295866 0.000000
-0.066037 0.295473 0.000000
-0.067816 0.295070 0.000000
-0.069592 0.294656 0.000000
-0.071366 0.294232 0.000000
-0.073137 0.293797 0.000000
-0.074905 0.293351 0.000000
-0.076671 0.292894 0.000000
-0.078434 0.292427 0.000000
-0.080194 0.291949 0.000000
-0.081952 0.291461 0.000000
-0.083706 0.290962 0.000000
-0.085457 0.290452 0.000000
-0.087205 0.289932 0.000000
-0.088950 0.289402 0.000000
-0.090692 0.288860 0.000000
-0.092431 0.288309 0.000000
-0.094166 0.287747 0.000000
-0.095898 0.287174 0.000000
-0.097626 0.286591 0.000000
-0.099350 0.285998 0.000000
-0.101072 0.285394 0.000000
-0.102789 0.284780 0.000000
-0.104503 0.284156 0.000000
-0.106213 0.283521 0.000000
-0.107919 0.282876 0.000000
-0.109621 0.282221 0.000000
-0.111319 0.281556 0.000000
-0.113013 0.280880 0.000000
-0.114703 0.280194 0.000000
-0.116389 0.279498 0.000000
-0.118070 0.278792 0.000000
-0.119748 0.278075 0.000000
-0.121421 0.277349 0.000000
-0.123089 0.276612 0.000000
-0.124753 0.275866 0.000000
-0.126413 0.275109 0.000000
-0.128068 0.274343 0.000000
-0.129718 0.273566 0.000000
-0.131364 0.272780 0.000000
0.168244 0.349362 -0.010000
0.166136 0.350370 -0.010000
0.164023 0.351364 -0.010000
0.161903 0.352346 -0.010000
0.159778 0.353315 -0.010000
0.157646 0.354271 -0.010000
0.155509 0.355214 -0.010000
0.153367 0.356144 -0.010000
0.151218 0.357062 -0.010000
0.149065 0.357966 -0.010000
0.146905 0.358858 -0.010000
0.144741 0.359736 -0.010000
0.142571 0.360602 -0.010000
0.140396 0.361454 -0.010000
0.138216 0.362293 -0.010000
0.136031 0.363119 -0.010000
0.133841 0.363932 -0.010000
0.131647 0.364732 -0.010000
0.129447 0.365518 -0.010000
0.127243 0.366291 -0.010000
0.125034 0.367051 -0.010000
0.122821 0.367798 -0.010000
0.120603 0.368531 -0.010000
0.118380 0.369251 -0.010000
0.116154 0.369957 -0.010000
0.113923 0.370650 -0.010000
0.111688 0.371330 -0.010000
0.109449 0.371996 -0.010000
0.107206 0.372649 -0.010000
0.104959 0.373288 -0.010000
0.102709 0.373913 -0.010000
0.100454 0.374525 -0.010000
0.098196 0.375123 -0.010000
0.095935 0.375708 -0.010000
0.093670 0.376279 -0.010000
0.091401 0.376837 -0.010000
0.089130 0.377381 -0.010000
0.086855 0.377911 -0.010000
0.084576 0.378427 -0.010000
0.082295 0.378930 -0.010000
0.080011 0.379418 -0.010000
0.077724 0.379894 -0.010000
0.075434 0.380355 -0.010000
0.073141 0.380802 -0.010000
0.070846 0.381236 -0.010000
0.068548 0.381656 -0.010000
0.066248 0.382062 -0.010000
0.063945 0.382454 -0.010000
0.061640 0.382832 -0.010000
0.059333 0.383197 -0.010000
0.057023 0.383547 -0.010000
0.054711 0.383884 -0.010000
0.052398 0.384206 -0.010000
0.050082 0.384515 -0.010000
0.047765 0.384810 -0.010000
0.045446 0.385091 -0.010000
0.043126 0.385357 -0.010000
0.040803 0.385610 -0.010000
0.038480 0.385849 -0.010000
0.036154 0.386074 -0.010000
0.033828 0.386285 -0.010000
0.031500 0.386481 -0.010000
0.029172 0.386664 -0.010000
0.026842 0.386833 -0.010000
0.024511 0.386988 -0.010000
0.022179 0.387128 -0.010000
0.019847 0.387255 -0.010000
0.017514 0.387367 -0.010000
0.015180 0.387466 -0.010000
0.012845 0.387550 -0.010000
0.010510 0.387621 -0.010000
0.008175 0.387677 -0.010000
0.005840 0.387719 -0.010000
0.003504 0.387747 -0.010000
0.001168 0.387761 -0.010000
-0.001168 0.387761 -0.010000
-0.003504 0.387747 -0.010000
-0.005840 0.387719 -0.010000
-0.008175 0.387677 -0.010000
-0.010510 0.387621 -0.010000
-0.012845 0.387550 -0.010000
-0.015180 0.387466 -0.010000
-0.017514 0.387367 -0.010000
-0.019847 0.387255 -0.010000
-0.022179 0.387128 -0.010000
-0.024511 0.386988 -0.010000
-0.026842 0.386833 -0.010000
-0.029172 0.386664 -0.010000
-0.031500 0.386481 -0.010000
-0.033828 0.386285 -0.010000
-0.036154 0.386074 -0.010000
-0.038480 0.385849 -0.010000
-0.040803 0.385610 -0.010000
-0.043126 0.385357 -0.010000
-0.045446 0.385091 -0.010000
-0.047765 0.384810 -0.010000
-0.050082 0.384515 -0.010000
-0.052398 0.384206 -0.010000
-0.054711 0.383884 -0.010000
-0.057023 0.383547 -0.010000
-0.059333 0.383197 -0.010000
-0.061640 0.382832 -0.010000
-0.063945 0.382454 -0.010000
-0.066248 0.382062 -0.010000
-0.068548 0.381656 -0.010000
-0.070846 0.381236 -0.010000
-0.073141 0.380802 -0.010000
-0.075434 0.380355 -0.010000
-0.077724 0.379894 -0.010000
-0.080011 0.379418 -0.010000
-0.082295 0.378930 -0.010000
-0.084576 0.378427 -0.010000
-0.086855 0.377911 -0.010000
-0.089130 0.377381 -0.010000
-0.091401 0.376837 -0.010000
-0.093670 0.376279 -0.010000
-0.095935 0.375708 -0.010000
-0.098196 0.375123 -0.010000
-0.100454 0.374525 -0.010000
-0.102709 0.373913 -0.010000
-0.104959 0.373288 -0.010000
-0.107206 0.372649 -0.010000
-0.109449 0.371996 -0.010000
-0.111688 0.371330 -0.010000
-0.113923 0.370650 -0.010000
-0.116154 0.369957 -0.010000
-0.118380 0.369251 -0.010000
-0.120603 0.368531 -0.010000
-0.122821 0.367798 -0.010000
-0.125034 0.367051 -0.010000
-0.127243 0.366291 -0.010000
-0.129447 0.365518 -0.010000
-0.131647 0.364732 -0.010000
-0.133841 0.363932 -0.010000
-0.136031 0.363119 -0.010000
-0.138216 0.362293 -0.010000
-0.140396 0.361454 -0.010000
-0.142571 0.360602 -0.010000
-0.144741 0.359736 -0.010000
-0.146905 0.358858 -0.010000
-0.149065 0.357966 -0.010000
-0.151218 0.357062 -0.010000
-0.153367 0.356144 -0.010000
-0.155509 0.355214 -0.010000
-0.157646 0.354271 -0.010000
-0.159778 0.353315 -0.010000
-0.161903 0.352346 -0.010000
-0.164023 0.351364 -0.010000
-0.166136 0.350370 -0.010000
-0.168244 0.349362 -0.010000
0.159133 0.330442 -0.010000
0.157139 0.331395 -0.010000
0.155140 0.332335 -0.010000
0.153135 0.333264 -0.010000
0.151125 0.334180 -0.010000
0.149109 0.335085 -0.010000
0.147087 0.335977 -0.010000
0.145061 0.336857 -0.010000
0.143029 0.337725 -0.010000
0.140992 0.338580 -0.010000
0.138950 0.339423 -0.010000
0.136902 0.340254 -0.010000
0.134850 0.341073 -0.010000
0.132793 0.341879 -0.010000
0.130731 0.342673 -0.010000
0.128664 0.343454 -0.010000
0.126593 0.344223 -0.010000
0.124517 0.344979 -0.010000
0.122437 0.345723 -0.010000
0.120352 0.346454 -0.010000
0.118263 0.347173 -0.010000
0.116169 0.347879 -0.010000
0.114071 0.348573 -0.010000
0.111969 0.349253 -0.010000
0.109863 0.349922 -0.010000
0.107753 0.350577 -0.010000
0.105639 0.351220 -0.010000
0.103522 0.351850 -0.010000
0.101400 0.352467 -0.010000
0.099275 0.353072 -0.010000
0.097146 0.353663 -0.010000
0.095014 0.354242 -0.010000
0.092878 0.354808 -0.010000
0.090739 0.355361 -0.010000
0.088597 0.355901 -0.010000
0.086451 0.356428 -0.010000
0.084303 0.356943 -0.010000
0.082151 0.357444 -0.010000
0.079996 0.357933 -0.010000
0.077838 0.358408 -0.010000
0.075678 0.358870 -0.010000
0.073515 0.359320 -0.010000
0.071349 0.359756 -0.010000
0.069180 0.360179 -0.010000
0.067009 0.360590 -0.010000
0.064836 0.360987 -0.010000
0.062660 0.361371 -0.010000
0.060482 0.361742 -0.010000
0.058302 0.362099 -0.010000
0.056119 0.362444 -0.010000
0.053935 0.362776 -0.010000
0.051748 0.363094 -0.010000
0.049560 0.363399 -0.010000
0.047370 0.363691 -0.010000
0.045178 0.363970 -0.010000
0.042985 0.364235 -0.010000
0.040790 0.364488 -0.010000
0.038594 0.364727 -0.010000
0.036396 0.364953 -0.010000
0.034196 0.365165 -0.010000
0.031996 0.365365 -0.010000
0.029794 0.365551 -0.010000
0.027592 0.365724 -0.010000
0.025388 0.365883 -0.010000
0.023184 0.366030 -0.010000
0.020978 0.366163 -0.010000
0.018772 0.366282 -0.010000
0.016565 0.366389 -0.010000
0.014358 0.366482 -0.010000
0.012150 0.366562 -0.010000
0.009941 0.366628 -0.010000
0.007732 0.366681 -0.010000
0.005523 0.366721 -0.010000
0.003314 0.366748 -0.010000
0.001105 0.366761 -0.010000
-0.001105 0.366761 -0.010000
-0.003314 0.366748 -0.010000
-0.005523 0.366721 -0.010000
-0.007732 0.366681 -0.010000
-0.009941 0.366628 -0.010000
-0.012150 0.366562 -0.010000
-0.014358 0.366482 -0.010000
-0.016565 0.366389 -0.010000
-0.018772 0.366282 -0.010000
-0.020978 0.366163 -0.010000
-0.023184 0.366030 -0.010000
-0.025388 0.365883 -0.010000
-0.027592 0.365724 -0.010000
-0.029794 0.365551 -0.010000
-0.031996 0.365365 -0.010000
-0.034196 0.365165 -0.010000
-0.036396 0.364953 -0.010000
-0.038594 0.364727 -0.010000
-0.040790 0.364488 -0.010000
-0.042985 0.364235 -0.010000
-0.045178 0.363970 -0.010000
-0.047370 0.363691 -0.010000
-0.049560 0.363399 -0.010000
-0.051748 0.363094 -0.010000
-0.053935 0.362776 -0.010000
-0.056119 0.362444 -0.010000
-0.058302 0.362099 -0.010000
-0.060482 0.361742 -0.010000
-0.062660 0.361371 -0.010000
-0.064836 0.360987 -0.010000
-0.067009 0.360590 -0.010000
-0.069180 0.360179 -0.010000
-0.071349 0.359756 -0.010000
-0.073515 0.359320 -0.010000
-0.075678 0.358870 -0.010000
-0.077838 0.358408 -0.010000
-0.079996 0.357933 -0.010000
-0.082151 0.357444 -0.010000
-0.084303 0.356943 -0.010000
-0.086451 0.356428 -0.010000
-0.088597 0.355901 -0.010000
-0.090739 0.355361 -0.010000
-0.092878 0.354808 -0.010000
-0.095014 0.354242 -0.010000
-0.097146 0.353663 -0.010000
-0.099275 0.353072 -0.010000
-0.101400 0.352467 -0.010000
-0.103522 0.351850 -0.010000
-0.105639 0.351220 -0.010000
-0.107753 0.350577 -0.010000
-0.109863 0.349922 -0.010000
-0.111969 0.349253 -0.010000
-0.114071 0.348573 -0.010000
-0.116169 0.347879 -0.010000
-0.118263 0.347173 -0.010000
-0.120352 0.346454 -0.010000
-0.122437 0.345723 -0.010000
-0.124517 0.344979 -0.010000
-0.126593 0.344223 -0.010000
-0.128664 0.343454 -0.010000
-0.130731 0.342673 -0.010000
-0.132793 0.341879 -0.010000
-0.134850 0.341073 -0.010000
-0.136902 0.340254 -0.010000
-0.138950 0.339423 -0.010000
-0.140992 0.338580 -0.010000
-0.143029 0.337725 -0.010000
-0.145061 0.336857 -0.010000
-0.147087 0.335977 -0.010000
-0.149109 0.335085 -0.010000
-0.151125 0.334180 -0.010000
-0.153135 0.333264 -0.010000
-0.155140 0.332335 -0.010000
-0.157139 0.331395 -0.010000
-0.159133 0.330442 -0.010000
0.150021 0.311522 -0.010000
0.148142 0.312420 -0.010000
0.146257 0.313307 -0.010000
0.144367 0.314182 -0.010000
0.142472 0.315046 -0.010000
0.140571 0.315898 -0.010000
0.138665 0.316740 -0.010000
0.136755 0.317569 -0.010000
0.134839 0.318387 -0.010000
0.132919 0.319194 -0.010000
0.130994 0.319989 -0.010000
0.129064 0.320772 -0.010000
0.127129 0.321544 -0.010000
0.125190 0.322304 -0.010000
0.123246 0.323052 -0.010000
0.121297 0.323789 -0.010000
0.119345 0.324513 -0.010000
0.117388 0.325226 -0.010000
0.115426 0.325928 -0.010000
0.113461 0.326617 -0.010000
0.111491 0.327295 -0.010000
0.109517 0.327960 -0.010000
0.107540 0.328614 -0.010000
0.105558 0.329256 -0.010000
0.103573 0.329886 -0.010000
0.101584 0.330504 -0.010000
0.099591 0.331110 -0.010000
0.097594 0.331704 -0.010000
0.095594 0.332286 -0.010000
0.093591 0.332856 -0.010000
0.091584 0.333413 -0.010000
0.089574 0.333959 -0.010000
0.087560 0.334492 -0.010000
0.085544 0.335014 -0.010000
0.083524 0.335523 -0.010000
0.081501 0.336020 -0.010000
0.079476 0.336505 -0.010000
0.077447 0.336978 -0.010000
0.075416 0.337438 -0.010000
0.073382 0.337886 -0.010000
0.071345 0.338322 -0.010000
0.069305 0.338746 -0.010000
0.067263 0.339157 -0.010000
0.065219 0.339556 -0.010000
0.063172 0.339943 -0.010000
0.061123 0.340317 -0.010000
0.059072 0.340680 -0.010000
0.057019 0.341029 -0.010000
0.054963 0.341366 -0.010000
0.052906 0.341691 -0.010000
0.050847 0.342004 -0.010000
0.048785 0.342304 -0.010000
0.046722 0.342592 -0.010000
0.044658 0.342867 -0.010000
0.042592 0.343130 -0.010000
0.040524 0.343380 -0.010000
0.038454 0.343618 -0.010000
0.036384 0.343843 -0.010000
0.034312 0.344056 -0.010000
0.032238 0.344257 -0.010000
0.030164 0.344445 -0.010000
0.028089 0.344620 -0.010000
0.026012 0.344783 -0.010000
0.023935 0.344934 -0.010000
0.021856 0.345072 -0.010000
0.019777 0.345197 -0.010000
0.017697 0.345310 -0.010000
0.015617 0.345410 -0.010000
0.013536 0.345498 -0.010000
0.011454 0.345573 -0.010000
0.009372 0.345636 -0.010000
0.007290 0.345686 -0.010000
0.005207 0.345724 -0.010000
0.003124 0.345749 -0.010000
0.001041 0.345761 -0.010000
-0.001041 0.345761 -0.010000
-0.003124 0.345749 -0.010000
-0.005207 0.345724 -0.010000
-0.007290 0.345686 -0.010000
-0.009372 0.345636 -0.010000
-0.011454 0.345573 -0.010000
-0.013536 0.345498 -0.010000
-0.015617 0.345410 -0.010000
-0.017697 0.345310 -0.010000
-0.019777 0.345197 -0.010000
-0.021856 0.345072 -0.010000
-0.023935 0.344934 -0.010000
-0.026012 0.344783 -0.010000
-0.028089 0.344620 -0.010000
-0.030164 0.344445 -0.010000
-0.032238 0.344257 -0.010000
-0.034312 0.344056 -0.010000
-0.036384 0.343843 -0.010000
-0.038454 0.343618 -0.010000
-0.040524 0.343380 -0.010000
-0.042592 0.343130 -0.010000
-0.044658 0.342867 -0.010000
-0.046722 0.342592 -0.010000
-0.048785 0.342304 -0.010000
-0.050847 0.342004 -0.010000
-0.052906 0.341691 -0.010000
-0.054963 0.341366 -0.010000
-0.057019 0.341029 -0.010000
-0.059072 0.340680 -0.010000
-0.061123 0.340317 -0.010000
-0.063172 0.339943 -0.010000
-0.065219 0.339556 -0.010000
-0.067263 0.339157 -0.010000
-0.069305 0.338746 -0.010000
-0.071345 0.338322 -0.010000
-0.073382 0.337886 -0.010000
-0.075416 0.337438 -0.010000
-0.077447 0.336978 -0.010000
-0.079476 0.336505 -0.010000
-0.081501 0.336020 -0.010000
-0.083524 0.335523 -0.010000
-0.085544 0.335014 -0.010000
-0.087560 0.334492 -0.010000
-0.089574 0.333959 -0.010000
-0.091584 0.333413 -0.010000
-0.093591 0.332856 -0.010000
-0.095594 0.332286 -0.010000
-0.097594 0.331704 -0.010000
-0.099591 0.331110 -0.010000
-0.101584 0.330504 -0.010000
-0.103573 0.329886 -0.010000
-0.105558 0.329256 -0.010000
-0.107540 0.328614 -0.010000
-0.109517 0.327960 -0.010000
-0.111491 0.327295 -0.010000
-0.113461 0.326617 -0.010000
-0.115426 0.325928 -0.010000
-0.117388 0.325226 -0.010000
-0.119345 0.324513 -0.010000
-0.121297 0.323789 -0.010000
-0.123246 0.323052 -0.010000
-0.125190 0.322304 -0.010000
-0.127129 0.321544 -0.010000
-0.129064 0.320772 -0.010000
-0.130994 0.319989 -0.010000
-0.132919 0.319194 -0.010000
-0.134839 0.318387 -0.010000
-0.136755 0.317569 -0.010000
-0.138665 0.316740 -0.010000
-0.140571 0.315898 -0.010000
-0.142472 0.315046 -0.010000
-0.144367 0.314182 -0.010000
-0.146257 0.313307 -0.010000
-0.148142 0.312420 -0.010000
-0.150021 0.311522 -0.010000
0.140909 0.292601 -0.010000
0.139144 0.293445 -0.010000
0.137374 0.294278 -0.010000
0.135599 0.295100 -0.010000
0.133818 0.295912 -0.010000
0.132033 0.296712 -0.010000
0.130244 0.297502 -0.010000
0.128449 0.298281 -0.010000
0.126650 0.299050 -0.010000
0.124846 0.299807 -0.010000
0.123038 0.300554 -0.010000
0.121225 0.301290 -0.010000
0.119408 0.302015 -0.010000
0.117586 0.302728 -0.010000
0.115760 0.303431 -0.010000
0.113930 0.304123 -0.010000
0.112096 0.304804 -0.010000
0.110258 0.305474 -0.010000
0.108416 0.306132 -0.010000
0.106570 0.306780 -0.010000
0.104720 0.307416 -0.010000
0.102866 0.308042 -0.010000
0.101008 0.308656 -0.010000
0.099147 0.309259 -0.010000
0.097282 0.309850 -0.010000
0.095414 0.310431 -0.010000
0.093542 0.311000 -0.010000
0.091667 0.311558 -0.010000
0.089788 0.312104 -0.010000
0.087907 0.312639 -0.010000
0.086022 0.313163 -0.010000
0.084134 0.313676 -0.010000
0.082242 0.314177 -0.010000
0.080348 0.314667 -0.010000
0.078451 0.315145 -0.010000
0.076551 0.315612 -0.010000
0.074649 0.316067 -0.010000
0.072743 0.316511 -0.010000
0.070835 0.316944 -0.010000
0.068925 0.317365 -0.010000
0.067012 0.317774 -0.010000
0.065096 0.318172 -0.010000
0.063178 0.318559 -0.010000
0.061258 0.318933 -0.010000
0.059336 0.319297 -0.010000
0.057411 0.319648 -0.010000
0.055484 0.319988 -0.010000
0.053556 0.320317 -0.010000
0.051625 0.320634 -0.010000
0.049693 0.320939 -0.010000
0.047758 0.321232 -0.010000
0.045822 0.321514 -0.010000
0.043885 0.321784 -0.010000
0.041946 0.322043 -0.010000
0.040005 0.322290 -0.010000
0.038063 0.322525 -0.010000
0.036119 0.322748 -0.010000
0.034174 0.322960 -0.010000
0.032228 0.323160 -0.010000
0.030280 0.323348 -0.010000
0.028332 0.323525 -0.010000
0.026383 0.323690 -0.010000
0.024432 0.323843 -0.010000
0.022481 0.323984 -0.010000
0.020529 0.324114 -0.010000
0.018576 0.324231 -0.010000
0.016622 0.324337 -0.010000
0.014668 0.324432 -0.010000
0.012713 0.324514 -0.010000
0.010758 0.324585 -0.010000
0.008803 0.324644 -0.010000
0.006847 0.324691 -0.010000
0.004891 0.324726 -0.010000
0.002935 0.324750 -0.010000
0.000978 0.324762 -0.010000
-0.000978 0.324762 -0.010000
-0.002935 0.324750 -0.010000
-0.004891 0.324726 -0.010000
-0.006847 0.324691 -0.010000
-0.008803 0.324644 -0.010000
-0.010758 0.324585 -0.010000
-0.012713 0.324514 -0.010000
-0.014668 0.324432 -0.010000
-0.016622 0.324337 -0.010000
-0.018576 0.324231 -0.010000
-0.020529 0.324114 -0.010000
-0.022481 0.323984 -0.010000
-0.024432 0.323843 -0.010000
-0.026383 0.323690 -0.010000
-0.028332 0.323525 -0.010000
-0.030280 0.323348 -0.010000
-0.032228 0.323160 -0.010000
-0.034174 0.322960 -0.010000
-0.036119 0.322748 -0.010000
-0.038063 0.322525 -0.010000
-0.040005 0.322290 -0.010000
-0.041946 0.322043 -0.010000
-0.043885 0.321784 -0.010000
-0.045822 0.321514 -0.010000
-0.047758 0.321232 -0.010000
-0.049693 0.320939 -0.010000
-0.051625 0.320634 -0.010000
-0.053556 0.320317 -0.010000
-0.055484 0.319988 -0.010000
-0.057411 0.319648 -0.010000
-0.059336 0.319297 -0.010000
-0.061258 0.318933 -0.010000
-0.063178 0.318559 -0.010000
-0.065096 0.318172 -0.010000
-0.067012 0.317774 -0.010000
-0.068925 0.317365 -0.010000
-0.070835 0.316944 -0.010000
-0.072743 0.316511 -0.010000
-0.074649 0.316067 -0.010000
-0.076551 0.315612 -0.010000
-0.078451 0.315145 -0.010000
-0.080348 0.314667 -0.010000
-0.082242 0.314177 -0.010000
-0.084134 0.313676 -0.010000
-0.086022 0.313163 -0.010000
-0.087907 0.312639 -0.010000
-0.089788 0.312104 -0.010000
-0.091667 0.311558 -0.010000
-0.093542 0.311000 -0.010000
-0.095414 0.310431 -0.010000
-0.097282 0.309850 -0.010000
-0.099147 0.309259 -0.010000
-0.101008 0.308656 -0.010000
-0.102866 0.308042 -0.010000
-0.104720 0.307416 -0.010000
-0.106570 0.306780 -0.010000
-0.108416 0.306132 -0.010000
-0.110258 0.305474 -0.010000
-0.112096 0.304804 -0.010000
-0.113930 0.304123 -0.010000
-0.115760 0.303431 -0.010000
-0.117586 0.302728 -0.010000
-0.119408 0.302015 -0.010000
-0.121225 0.301290 -0.010000
-0.123038 0.300554 -0.010000
-0.124846 0.299807 -0.010000
-0.126650 0.299050 -0.010000
-0.128449 0.298281 -0.010000
-0.130244 0.297502 -0.010000
-0.132033 0.296712 -0.010000
-0.133818 0.295912 -0.010000
-0.135599 0.295100 -0.010000
-0.137374 0.294278 -0.010000
-0.139144 0.293445 -0.010000
-0.140909 0.292601 -0.010000
0.131364 0.272780 -0.010000
0.129718 0.273566 -0.010000
0.128068 0.274343 -0.010000
0.126413 0.275109 -0.010000
0.124753 0.275866 -0.010000
0.123089 0.276612 -0.010000
0.121421 0.277349 -0.010000
0.119748 0.278075 -0.010000
0.118070 0.278792 -0.010000
0.116389 0.279498 -0.010000
0.114703 0.280194 -0.010000
0.113013 0.280880 -0.010000
0.111319 0.281556 -0.010000
0.109621 0.282221 -0.010000
0.107919 0.282876 -0.010000
0.106213 0.283521 -0.010000
0.104503 0.284156 -0.010000
0.102789 0.284780 -0.010000
0.101072 0.285394 -0.010000
0.099350 0.285998 -0.010000
0.097626 0.286591 -0.010000
0.095898 0.287174 -0.010000
0.094166 0.287747 -0.010000
0.092431 0.288309 -0.010000
0.090692 0.288860 -0.010000
0.088950 0.289402 -0.010000
0.087205 0.289932 -0.010000
0.085457 0.290452 -0.010000
0.083706 0.290962 -0.010000
0.081952 0.291461 -0.010000
0.080194 0.291949 -0.010000
0.078434 0.292427 -0.010000
0.076671 0.292894 -0.010000
0.074905 0.293351 -0.010000
0.073137 0.293797 -0.010000
0.071366 0.294232 -0.010000
0.069592 0.294656 -0.010000
0.067816 0.295070 -0.010000
0.066037 0.295473 -0.010000
0.064256 0.295866 -0.010000
0.062472 0.296248 -0.010000
0.060686 0.296619 -0.010000
0.058898 0.296979 -0.010000
0.057108 0.297328 -0.010000
0.055316 0.297667 -0.010000
0.053522 0.297995 -0.010000
0.051726 0.298312 -0.010000
0.049928 0.298618 -0.010000
0.048128 0.298913 -0.010000
0.046326 0.299198 -0.010000
0.044523 0.299471 -0.010000
0.042718 0.299734 -0.010000
0.040912 0.299986 -0.010000
0.039104 0.300227 -0.010000
0.037295 0.300457 -0.010000
0.035484 0.300676 -0.010000
0.033672 0.300885 -0.010000
0.031859 0.301082 -0.010000
0.030045 0.301269 -0.010000
0.028229 0.301444 -0.010000
0.026413 0.301609 -0.010000
0.024595 0.301762 -0.010000
0.022777 0.301905 -0.010000
0.020958 0.302037 -0.010000
0.019138 0.302158 -0.010000
0.017317 0.302267 -0.010000
0.015496 0.302366 -0.010000
0.013675 0.302454 -0.010000
0.011852 0.302531 -0.010000
0.010030 0.302597 -0.010000
0.008206 0.302652 -0.010000
0.006383 0.302696 -0.010000
0.004560 0.302729 -0.010000
0.002736 0.302751 -0.010000
0.000912 0.302762 -0.010000
-0.000912 0.302762 -0.010000
-0.002736 0.302751 -0.010000
-0.004560 0.302729 -0.010000
-0.006383 0.302696 -0.010000
-0.008206 0.302652 -0.010000
-0.010030 0.302597 -0.010000
-0.011852 0.302531 -0.010000
-0.013675 0.302454 -0.010000
-0.015496 0.302366 -0.010000
-0.017317 0.302267 -0.010000
-0.019138 0.302158 -0.010000
-0.020958 0.302037 -0.010000
-0.022777 0.301905 -0.010000
-0.024595 0.301762 -0.010000
-0.026413 0.301609 -0.010000
-0.028229 0.301444 -0.010000
-0.030045 0.301269 -0.010000
-0.031859 0.301082 -0.010000
-0.033672 0.300885 -0.010000
-0.035484 0.300676 -0.010000
-0.037295 0.300457 -0.010000
-0.039104 0.300227 -0.010000
-0.040912 0.299986 -0.010000
-0.042718 0.299734 -0.010000
-0.044523 0.299471 -0.010000
-0.046326 0.299198 -0.010000
-0.048128 0.298913 -0.010000
-0.049928 0.298618 -0.010000
-0.051726 0.298312 -0.010000
-0.053522 0.297995 -0.010000
-0.055316 0.297667 -0.010000
-0.057108 0.297328 -0.010000
-0.058898 0.296979 -0.010000
-0.060686 0.296619 -0.010000
-0.062472 0.296248 -0.010000
-0.064256 0.295866 -0.010000
-0.066037 0.295473 -0.010000
-0.067816 0.295070 -0.010000
-0.069592 0.294656 -0.010000
-0.071366 0.294232 -0.010000
-0.073137 0.293797 -0.010000
-0.074905 0.293351 -0.010000
-0.076671 0.292894 -0.010000
-0.078434 0.292427 -0.010000
-0.080194 0.291949 -0.010000
-0.081952 0.291461 -0.010000
-0.083706 0.290962 -0.010000
-0.085457 0.290452 -0.010000
-0.087205 0.289932 -0.010000
-0.088950 0.289402 -0.010000
-0.090692 0.288860 -0.010000
-0.092431 0.288309 -0.010000
-0.094166 0.287747 -0.010000
-0.095898 0.287174 -0.010000
-0.097626 0.286591 -0.010000
-0.099350 0.285998 -0.010000
-0.101072 0.285394 -0.010000
-0.102789 0.284780 -0.010000
-0.104503 0.284156 -0.010000
-0.106213 0.283521 -0.010000
-0.107919 0.282876 -0.010000
-0.109621 0.282221 -0.010000
-0.111319 0.281556 -0.010000
-0.113013 0.280880 -0.010000
-0.114703 0.280194 -0.010000
-0.116389 0.279498 -0.010000
-0.118070 0.278792 -0.010000
-0.119748 0.278075 -0.010000
-0.121421 0.277349 -0.010000
-0.123089 0.276612 -0.010000
-0.124753 0.275866 -0.010000
-0.126413 0.275109 -0.010000
-0.128068 0.274343 -0.010000
-0.129718 0.273566 -0.010000
-0.131364 0.272780 -0.010000
