0.024500 0.124000 9.516222 4.222380 0.387763 1.570797 4.222438 -9.516180 0.152475 2.368697
0.024500 0.123000 9.734231 4.432248 0.386763 1.570797 4.432267 -9.734242 0.018811 0.136883
0.024500 0.122000 9.786622 4.468084 0.385763 1.570796 4.468090 -9.786639 0.048206 4.188256
0.024500 0.121000 9.836965 4.527715 0.384763 1.570796 4.527718 -9.836978 0.058496 1.956443
0.024500 0.120000 9.877498 4.571257 0.383763 1.570796 4.571269 -9.877516 0.075815 6.007815
0.024500 0.119000 9.909387 4.625085 0.382763 1.570797 4.625097 -9.909405 0.092569 3.776002
0.024500 0.118000 9.942141 4.672102 0.381763 1.570797 4.672118 -9.942150 0.093721 1.544189
0.024500 0.117000 9.979820 4.725627 0.380763 1.570796 4.725644 -9.979830 0.085274 5.595562
0.024500 0.116000 10.018543 4.766883 0.379763 1.570797 4.766884 -10.018558 0.071126 3.363748
0.024500 0.115000 10.069772 4.810170 0.378763 1.570796 4.810165 -10.069790 0.064127 1.131935
0.024500 0.114000 10.113871 4.857488 0.377763 1.570796 4.857490 -10.113880 0.062908 5.183307
0.024500 0.113000 10.164035 4.903903 0.376763 1.570796 4.903905 -10.164035 0.067638 2.951494
0.024500 0.112000 10.215377 4.942679 0.375763 1.570797 4.942680 -10.215387 0.069572 0.719681
0.024500 0.111000 10.264244 4.968531 0.374763 1.570796 4.968532 -10.264251 0.071841 4.771053
0.024500 0.110000 10.290339 4.996705 0.373763 1.570796 4.996711 -10.290337 0.046316 2.539241
0.024500 0.109000 10.331108 5.039032 0.372763 1.570797 5.039041 -10.331115 0.035415 0.307427
0.024500 0.108000 10.356587 5.062978 0.371763 1.570796 5.062973 -10.356594 0.031985 4.358799
0.024500 0.107000 10.390769 5.080780 0.370763 1.570796 5.080787 -10.390780 0.027743 2.126987
0.024500 0.106000 10.430780 5.097071 0.369763 1.570797 5.097074 -10.430785 0.005280 6.178359
0.024500 0.105000 10.464320 5.120286 0.368763 1.570796 5.120283 -10.464328 -0.014591 3.946546
0.024500 0.104000 10.499539 5.146882 0.367763 1.570797 5.146875 -10.499547 -0.033659 1.714732
0.024500 0.103000 10.522120 5.164733 0.366763 1.570797 5.164730 -10.522133 -0.050422 5.766105
0.024500 0.102000 10.554559 5.176431 0.365763 1.570796 5.176430 -10.554566 -0.062064 3.534292
0.024500 0.101000 10.590553 5.201945 0.364763 1.570797 5.201942 -10.590565 -0.080172 1.302478
0.024500 0.100000 10.622365 5.205353 0.363763 1.570797 5.205344 -10.622381 -0.086273 5.353851
0.024500 0.099000 10.654391 5.229642 0.362763 1.570797 5.229648 -10.654406 -0.094015 3.122038
0.024500 0.098000 10.690587 5.247548 0.361763 1.570796 5.247551 -10.690598 -0.086601 0.890224
0.024500 0.097000 10.713260 5.249775 0.360763 1.570796 5.249782 -10.713265 -0.074672 4.941598
0.024500 0.096000 10.753713 5.253998 0.359763 1.570797 5.254002 -10.753713 -0.072486 2.709784
0.024500 0.095000 10.798476 5.257189 0.358763 1.570797 5.257182 -10.798485 -0.082664 0.477971
0.024500 0.094000 10.836252 5.262005 0.357763 1.570797 5.262011 -10.836261 -0.086197 4.529343
0.024500 0.093000 10.858023 5.268259 0.356763 1.570797 5.268264 -10.858032 -0.101828 2.297530
0.024500 0.092000 10.882349 5.265524 0.355763 1.570797 5.265526 -10.882357 -0.116844 0.065717
0.024500 0.091000 10.906488 5.275867 0.354763 1.570797 5.275873 -10.906497 -0.141014 4.117089
0.024500 0.090000 10.941359 5.276874 0.353763 1.570797 5.276876 -10.941375 -0.143047 1.885276
0.024500 0.089000 10.957159 5.287645 0.352763 1.570797 5.287651 -10.957179 -0.154219 5.936648
0.024500 0.088000 10.981152 5.292350 0.351763 1.570796 5.292348 -10.981161 -0.155986 3.704835
0.024500 0.087000 11.021181 5.301133 0.350763 1.570797 5.301123 -11.021187 -0.161773 1.473022
0.024500 0.086000 11.037810 5.313311 0.349763 1.570796 5.313308 -11.037820 -0.170897 5.524394
0.024500 0.085000 11.063240 5.311996 0.348763 1.570797 5.311998 -11.063241 -0.188134 3.292581
0.024500 0.084000 11.082532 5.319474 0.347763 1.570796 5.319474 -11.082547 -0.215897 1.060769
0.024500 0.083000 11.107663 5.328413 0.346763 1.570796 5.328406 -11.107664 -0.229737 5.112140
0.024500 0.082000 11.139015 5.315862 0.345763 1.570796 5.315857 -11.139031 -0.251734 2.880327
0.024500 0.081000 11.155322 5.311875 0.344763 1.570796 5.311876 -11.155336 -0.263144 0.648514
0.024500 0.080000 11.184540 5.310843 0.343763 1.570797 5.310845 -11.184548 -0.277668 4.699887
0.024500 0.079000 11.216345 5.306348 0.342763 1.570796 5.306347 -11.216356 -0.290133 2.468074
0.024500 0.078000 11.262969 5.311146 0.341763 1.570796 5.311149 -11.262969 -0.309634 0.236260
0.024500 0.077000 11.307276 5.320079 0.340763 1.570797 5.320086 -11.307279 -0.328581 4.287633
0.024500 0.076000 11.345975 5.330903 0.339763 1.570797 5.330915 -11.345984 -0.331493 2.055820
0.024500 0.075000 11.407907 5.333531 0.338763 1.570796 5.333549 -11.407918 -0.331373 6.107193
0.024500 0.074000 11.449694 5.331316 0.337763 1.570796 5.331323 -11.449698 -0.338710 3.875379
0.024500 0.073000 11.501545 5.333286 0.336763 1.570797 5.333287 -11.501551 -0.355052 1.643566
0.024500 0.072000 11.548093 5.323441 0.335763 1.570796 5.323436 -11.548102 -0.368627 5.694938
0.024500 0.071000 11.573920 5.322644 0.334763 1.570796 5.322653 -11.573937 -0.369053 3.463125
0.024500 0.070000 11.614997 5.327000 0.333763 1.570796 5.327000 -11.615012 -0.393267 1.231312
0.024500 0.069000 11.648159 5.329746 0.332763 1.570796 5.329760 -11.648182 -0.416590 5.282684
0.024500 0.068000 11.691226 5.333825 0.331763 1.570796 5.333839 -11.691243 -0.429715 3.050872
0.024500 0.067000 11.731555 5.321688 0.330763 1.570797 5.321705 -11.731575 -0.461390 0.819058
0.024500 0.066000 11.773978 5.311599 0.329763 1.570797 5.311606 -11.773991 -0.482270 4.870430
0.024500 0.065000 11.800130 5.309757 0.328763 1.570796 5.309772 -11.800154 -0.511423 2.638618
0.024500 0.064000 11.837765 5.307945 0.327763 1.570797 5.307942 -11.837784 -0.535341 0.406804
0.024500 0.063000 11.887332 5.287343 0.326763 1.570797 5.287353 -11.887351 -0.549333 4.458177
0.024500 0.062000 11.931625 5.288586 0.325763 1.570796 5.288593 -11.931656 -0.573136 2.226363
0.024500 0.061000 11.968361 5.269074 0.324763 1.570796 5.269076 -11.968381 -0.588452 3.136143
0.024500 0.060000 12.014022 5.259554 0.323763 1.570797 5.259558 -12.014046 -0.603519 4.045922
0.024500 0.059000 12.070797 5.236362 0.322763 1.570796 5.236359 -12.070808 -0.618093 1.814109
0.024500 0.058000 12.137790 5.213893 0.321763 1.570796 5.213894 -12.137802 -0.624653 5.865481
0.024500 0.057000 12.200616 5.187253 0.320763 1.570796 5.187251 -12.200625 -0.652775 3.633668
0.024500 0.056000 12.252506 5.160422 0.319763 1.570797 5.160424 -12.252513 -0.683708 1.401855
0.024500 0.055000 12.296267 5.130532 0.318763 1.570797 5.130526 -12.296276 -0.704325 5.453228
0.024500 0.054000 12.349207 5.110736 0.317763 1.570797 5.110731 -12.349224 -0.718689 3.221415
0.024500 0.053000 12.399442 5.063219 0.316763 1.570797 5.063219 -12.399463 -0.717813 0.989602
0.024500 0.052000 12.454737 5.031771 0.315763 1.570797 5.031750 -12.454766 -0.735769 5.040974
0.024500 0.051000 12.516935 5.003333 0.314763 1.570796 5.003313 -12.516957 -0.760443 2.809161
0.024500 0.050000 12.562912 4.956898 0.313763 1.570796 4.956901 -12.562933 -0.794110 0.577348
0.024500 0.049000 12.619557 4.923465 0.312763 1.570797 4.923472 -12.619576 -0.826118 4.628720
0.024500 0.048000 12.676566 4.877427 0.311763 1.570797 4.877420 -12.676578 -0.830605 2.396907
0.024500 0.047000 12.734355 4.829254 0.310763 1.570796 4.829258 -12.734376 -0.841880 0.165094
0.024500 0.046000 12.799550 4.790058 0.309763 1.570796 4.790073 -12.799570 -0.846637 4.216466
0.024500 0.045000 12.863403 4.726471 0.308763 1.570797 4.726479 -12.863421 -0.857675 1.984653
0.024500 0.044000 12.939386 4.693001 0.307763 1.570797 4.693006 -12.939397 -0.854819 6.036026
0.024500 0.043000 13.019166 4.645709 0.306763 1.570796 4.645721 -13.019179 -0.849792 3.804213
0.024500 0.042000 13.084737 4.593100 0.305763 1.570797 4.593113 -13.084749 -0.826760 1.572399
0.024500 0.041000 13.158870 4.554994 0.304763 1.570797 4.554997 -13.158882 -0.806486 5.623772
0.024500 0.040000 13.234073 4.513021 0.303763 1.570796 4.513031 -13.234084 -0.793842 3.391958
0.024500 0.039000 13.291549 4.465880 0.302763 1.570797 4.465905 -13.291570 -0.783027 1.160145
0.024500 0.038000 13.337051 4.406218 0.301763 1.570796 4.406251 -13.337066 -0.759769 5.211518
0.024500 0.037000 13.385790 4.370264 0.300763 1.570797 4.370303 -13.385809 -0.739007 2.979704
0.024500 0.036000 13.431600 4.313304 0.299763 1.570796 4.313339 -13.431622 -0.719147 0.747891
