0.024500 0.124000 10.002288 5.320744 0.387763 1.570797 5.320763 -10.002298 -0.330536 2.368697
0.024500 0.123000 10.038045 5.337016 0.386763 1.570797 5.337038 -10.038058 -0.290376 0.136883
0.024500 0.122000 10.058696 5.335587 0.385763 1.570796 5.335596 -10.058709 -0.261843 4.188256
0.024500 0.121000 10.113978 5.357753 0.384763 1.570796 5.357761 -10.113986 -0.252860 1.956443
0.024500 0.120000 10.163161 5.366515 0.383763 1.570796 5.366524 -10.163162 -0.234151 6.007815
0.024500 0.119000 10.218121 5.385118 0.382763 1.570797 5.385125 -10.218135 -0.210933 3.776002
0.024500 0.118000 10.269439 5.402757 0.381763 1.570797 5.402759 -10.269454 -0.201290 1.544189
0.024500 0.117000 10.321314 5.419484 0.380763 1.570796 5.419502 -10.321330 -0.198043 5.595562
0.024500 0.116000 10.361660 5.437561 0.379763 1.570797 5.437562 -10.361677 -0.175842 3.363748
0.024500 0.115000 10.412921 5.454746 0.378763 1.570796 5.454760 -10.412938 -0.173182 1.131935
0.024500 0.114000 10.454422 5.463927 0.377763 1.570796 5.463941 -10.454430 -0.164637 5.183307
0.024500 0.113000 10.491691 5.479195 0.376763 1.570796 5.479213 -10.491694 -0.162037 2.951494
0.024500 0.112000 10.529757 5.488438 0.375763 1.570797 5.488457 -10.529763 -0.152150 0.719681
0.024500 0.111000 10.568942 5.495597 0.374763 1.570796 5.495600 -10.568956 -0.153398 4.771053
0.024500 0.110000 10.618532 5.496225 0.373763 1.570796 5.496236 -10.618537 -0.178977 2.539241
0.024500 0.109000 10.654120 5.503891 0.372763 1.570797 5.503902 -10.654131 -0.173931 0.307427
0.024500 0.108000 10.699944 5.511133 0.371763 1.570796 5.511147 -10.699956 -0.175428 4.358799
0.024500 0.107000 10.751690 5.518751 0.370763 1.570796 5.518755 -10.751704 -0.173575 2.126987
0.024500 0.106000 10.792778 5.525819 0.369763 1.570797 5.525825 -10.792787 -0.176895 6.178359
0.024500 0.105000 10.817222 5.515470 0.368763 1.570796 5.515474 -10.817232 -0.192189 3.946546
0.024500 0.104000 10.853525 5.516610 0.367763 1.570797 5.516619 -10.853526 -0.196678 1.714732
0.024500 0.103000 10.889911 5.511438 0.366763 1.570797 5.511459 -10.889926 -0.206501 5.766105
0.024500 0.102000 10.922024 5.510635 0.365763 1.570796 5.510655 -10.922032 -0.213321 3.534292
0.024500 0.101000 10.955968 5.505777 0.364763 1.570797 5.505783 -10.955983 -0.213154 1.302478
0.024500 0.100000 11.001240 5.500606 0.363763 1.570797 5.500619 -11.001251 -0.215286 5.353851
0.024500 0.099000 11.028237 5.495278 0.362763 1.570797 5.495285 -11.028264 -0.219538 3.122038
0.024500 0.098000 11.062656 5.492822 0.361763 1.570796 5.492834 -11.062676 -0.225947 0.890224
0.024500 0.097000 11.092446 5.484799 0.360763 1.570796 5.484814 -11.092457 -0.246850 4.941598
0.024500 0.096000 11.126272 5.472629 0.359763 1.570797 5.472648 -11.126286 -0.247392 2.709784
0.024500 0.095000 11.154883 5.460717 0.358763 1.570797 5.460721 -11.154896 -0.227525 0.477971
0.024500 0.094000 11.208585 5.457558 0.357763 1.570797 5.457564 -11.208601 -0.228177 4.529343
0.024500 0.093000 11.242671 5.436753 0.356763 1.570797 5.436757 -11.242685 -0.223473 2.297530
0.024500 0.092000 11.286077 5.421283 0.355763 1.570797 5.421297 -11.286092 -0.223884 0.065717
0.024500 0.091000 11.323579 5.417179 0.354763 1.570797 5.417189 -11.323595 -0.241186 4.117089
0.024500 0.090000 11.354827 5.400997 0.353763 1.570797 5.401010 -11.354832 -0.232838 1.885276
0.024500 0.089000 11.383171 5.388335 0.352763 1.570797 5.388359 -11.383176 -0.235618 5.936648
0.024500 0.088000 11.423424 5.375195 0.351763 1.570796 5.375208 -11.423441 -0.240462 3.704835
0.024500 0.087000 11.454011 5.369008 0.350763 1.570797 5.369032 -11.454028 -0.236725 1.473022
0.024500 0.086000 11.496652 5.363490 0.349763 1.570796 5.363507 -11.496657 -0.232005 5.524394
0.024500 0.085000 11.535487 5.353445 0.348763 1.570797 5.353469 -11.535494 -0.234675 3.292581
0.024500 0.084000 11.579725 5.342642 0.347763 1.570796 5.342662 -11.579744 -0.228042 1.060769
0.024500 0.083000 11.618092 5.326473 0.346763 1.570796 5.326485 -11.618105 -0.224487 5.112140
0.024500 0.082000 11.643566 5.300631 0.345763 1.570796 5.300645 -11.643582 -0.229634 2.880327
0.024500 0.081000 11.684265 5.275106 0.344763 1.570796 5.275113 -11.684283 -0.238783 0.648514
0.024500 0.080000 11.717197 5.252519 0.343763 1.570797 5.252522 -11.717210 -0.236966 4.699887
0.024500 0.079000 11.740889 5.236646 0.342763 1.570796 5.236650 -11.740902 -0.229300 2.468074
0.024500 0.078000 11.755534 5.209242 0.341763 1.570796 5.209242 -11.755540 -0.217430 0.236260
0.024500 0.077000 11.791557 5.189895 0.340763 1.570797 5.189898 -11.791570 -0.218944 4.287633
0.024500 0.076000 11.824820 5.174613 0.339763 1.570797 5.174614 -11.824840 -0.223569 2.055820
0.024500 0.075000 11.855799 5.148592 0.338763 1.570796 5.148605 -11.855818 -0.215236 6.107193
0.024500 0.074000 11.891824 5.124845 0.337763 1.570796 5.124854 -11.891832 -0.215245 3.875379
0.024500 0.073000 11.907485 5.097338 0.336763 1.570797 5.097349 -11.907499 -0.199798 1.643566
0.024500 0.072000 11.940876 5.068343 0.335763 1.570796 5.068349 -11.940896 -0.208552 5.694938
0.024500 0.071000 11.977951 5.050530 0.334763 1.570796 5.050531 -11.977964 -0.203040 3.463125
0.024500 0.070000 12.023381 5.037433 0.333763 1.570796 5.037426 -12.023392 -0.202082 1.231312
0.024500 0.069000 12.058561 5.014305 0.332763 1.570796 5.014318 -12.058572 -0.191546 5.282684
0.024500 0.068000 12.088660 4.979359 0.331763 1.570796 4.979364 -12.088680 -0.185507 3.050872
0.024500 0.067000 12.128418 4.955028 0.330763 1.570797 4.955038 -12.128436 -0.201446 0.819058
0.024500 0.066000 12.158683 4.923286 0.329763 1.570797 4.923293 -12.158703 -0.210961 4.870430
0.024500 0.065000 12.195093 4.898970 0.328763 1.570796 4.898976 -12.195114 -0.217312 2.638618
0.024500 0.064000 12.222359 4.864238 0.327763 1.570797 4.864244 -12.222371 -0.214996 0.406804
0.024500 0.063000 12.266290 4.831457 0.326763 1.570797 4.831452 -12.266305 -0.201787 4.458177
0.024500 0.062000 12.309563 4.808717 0.325763 1.570796 4.808709 -12.309588 -0.197374 2.226363
0.024500 0.061000 12.353346 4.782465 0.324763 1.570796 4.782461 -12.353369 -0.194578 3.136143
0.024500 0.060000 12.388986 4.739399 0.323763 1.570797 4.739410 -12.389012 -0.187496 4.045922
0.024500 0.059000 12.432374 4.709546 0.322763 1.570796 4.709561 -12.432398 -0.177095 1.814109
0.024500 0.058000 12.466874 4.671426 0.321763 1.570796 4.671437 -12.466892 -0.176815 5.865481
0.024500 0.057000 12.521801 4.645564 0.320763 1.570796 4.645575 -12.521817 -0.171289 3.633668
0.024500 0.056000 12.566531 4.617444 0.319763 1.570797 4.617444 -12.566551 -0.155887 1.401855
0.024500 0.055000 12.611101 4.577977 0.318763 1.570797 4.577975 -12.611122 -0.137033 5.453228
0.024500 0.054000 12.645380 4.539401 0.317763 1.570797 4.539398 -12.645402 -0.127051 3.221415
0.024500 0.053000 12.678719 4.504772 0.316763 1.570797 4.504779 -12.678741 -0.129246 0.989602
0.024500 0.052000 12.719197 4.461038 0.315763 1.570797 4.461057 -12.719213 -0.140336 5.040974
0.024500 0.051000 12.753013 4.430382 0.314763 1.570796 4.430398 -12.753031 -0.135403 2.809161
0.024500 0.050000 12.811248 4.393861 0.313763 1.570796 4.393862 -12.811268 -0.141868 0.577348
0.024500 0.049000 12.872283 4.364233 0.312763 1.570797 4.364242 -12.872294 -0.128015 4.628720
0.024500 0.048000 12.927673 4.320465 0.311763 1.570797 4.320481 -12.927683 -0.122003 2.396907
0.024500 0.047000 12.977211 4.280536 0.310763 1.570796 4.280545 -12.977232 -0.116248 0.165094
0.024500 0.046000 13.023565 4.245880 0.309763 1.570796 4.245893 -13.023574 -0.098537 4.216466
0.024500 0.045000 13.063301 4.213745 0.308763 1.570797 4.213760 -13.063316 -0.090708 1.984653
0.024500 0.044000 13.089637 4.167815 0.307763 1.570797 4.167834 -13.089651 -0.088018 6.036026
0.024500 0.043000 13.150297 4.129375 0.306763 1.570796 4.129375 -13.150313 -0.081578 3.804213
0.024500 0.042000 13.190164 4.089201 0.305763 1.570797 4.089215 -13.190181 -0.077200 1.572399
0.024500 0.041000 13.247874 4.051119 0.304763 1.570797 4.051121 -13.247887 -0.072661 5.623772
0.024500 0.040000 13.286720 4.014268 0.303763 1.570796 4.014271 -13.286732 -0.056216 3.391958
0.024500 0.039000 13.335636 3.961229 0.302763 1.570797 3.961223 -13.335648 -0.044993 1.160145
0.024500 0.038000 13.371164 3.919327 0.301763 1.570796 3.919329 -13.371192 -0.026508 5.211518
0.024500 0.037000 13.404210 3.876926 0.300763 1.570797 3.876927 -13.404227 -0.023240 2.979704
0.024500 0.036000 13.440162 3.833821 0.299763 1.570796 3.833818 -13.440175 -0.021967 0.747891
