Time     NRMSE1  NRMSE2  NRMSE3  NRMSE4  NRMSE5  NRMSE6  NRMSE7  NRMSE8  NRMSE9  NRMSE10 Param1      Std        Param2      Std         Param3      Std         Param4      Std         Param5      Std         Param6      Std         Param7      Std         Param8      Std         Param9      Std         Param10      Std        Param11      Std        Param12      Std        Param13      Std        Param14      Std        Param15      Std
534640.0   0.7818  0.7199  1.76  0.2853  0.08803  0.3191  2.93  0.5134  1.286  0.3554 1.1727e+06  4.313e+05     -3.3157e+05  1.5743e+05         3.2138e+07  2.9749e+05  -7.1225e+05  4.3455e+05         -2.2072e+05  1.4596e+05         3.4766e+07  2.9662e+05  4.9652e+05  4.783e+05   -5.5617e+05  1.3903e+05         3.3876e+07  2.556e+05   -1.0431e+06  3.8648e+05         -1.9049e+05  1.5518e+05         2.9533e+07  2.5862e+05  2.4663e+06  4.3323e+05  -2.0395e+05  1.334e+05  2.908e+07  3.3194e+05
535640.0   0.7719  0.7086  1.746  0.2811  0.09136  0.3248  2.929  0.5131  1.255  0.3578 1.8841e+06  4.3111e+05  -2.0331e+05  1.5695e+05         3.3094e+07  3.3015e+05  -9.3637e+05  4.3405e+05         -4.103e+05  1.4657e+05  4.0134e+07  3.1187e+05  1.221e+06  4.8279e+05   -1.2894e+06  1.4635e+05         3.7424e+07  2.5224e+05  -1.7424e+06  3.8914e+05         -2.0089e+05  1.5303e+05         2.8934e+07  2.5872e+05  4.6034e+06  4.343e+05   -2.647e+05  1.3285e+05  2.7699e+07  3.3344e+05
536640.0   0.7609  0.6899  1.733  0.2835  0.08012  0.3143  2.897  0.5108  1.25  0.353 1.5541e+06  4.3227e+05    -2.5171e+05  1.5681e+05         3.372e+07  3.3302e+05   -1.0161e+06  4.3407e+05         -2.2607e+05  1.4746e+05         3.947e+07  3.2403e+05   3.931e+05  4.8764e+05   -1.2744e+06  1.4838e+05         3.6159e+07  2.5315e+05  -1.792e+06  3.8733e+05  -2.4603e+05  1.5273e+05         2.9078e+07  2.585e+05   4.061e+06  4.3307e+05   -2.429e+05  1.3306e+05  2.7969e+07  3.3439e+05
537640.0   0.7385  0.6598  1.705  0.289  0.07495  0.3011  2.725  0.5536  1.271  0.3543 2.0429e+06  4.3291e+05   -2.4765e+05  1.5696e+05         3.6655e+07  3.8154e+05  -1.2123e+06  4.3424e+05         -3.1775e+05  1.5057e+05         4.5512e+07  3.9667e+05  4.0074e+05  5.0283e+05  -2.5353e+06  1.583e+05  3.9852e+07  2.5025e+05  -3.6106e+06  3.9049e+05         -18610  1.5174e+05      2.8159e+07  2.5834e+05  6.5657e+06  4.3323e+05  -1.2708e+05  1.328e+05  2.6392e+07  3.3813e+05
538640.0   0.7499  0.6508  1.716  0.3002  0.07117  0.3013  2.673  0.5372  1.274  0.3571 2.1277e+06  4.3259e+05  -4.092e+05  1.5686e+05  3.6487e+07  4.4229e+05  -1.1357e+06  4.3464e+05         -3.5994e+05  1.5126e+05         4.3853e+07  3.8566e+05  5.9791e+05  5.1061e+05  -2.3132e+06  1.6426e+05         3.9551e+07  2.5041e+05  -3.6004e+06  4.0455e+05         19706  1.5205e+05       2.8272e+07  2.5889e+05  6.3255e+06  4.3489e+05  -1.225e+05  1.3324e+05  2.6865e+07  3.3628e+05
539640.0   0.7674  0.6609  1.735  0.3052  0.07056  0.3169  2.692  0.5036  1.236  0.3572 1.8029e+06  4.3488e+05  -2.8188e+05  1.5679e+05         3.6659e+07  4.6221e+05  -1.1645e+06  4.3428e+05         -1.8903e+05  1.5413e+05         4.4564e+07  4.1774e+05  -29125  5.2671e+05      -2.3328e+06  1.7e+05    3.8748e+07  2.5964e+05  -3.3858e+06  4.0513e+05         -1.0834e+05  1.5193e+05         2.8362e+07  2.5917e+05  6.0612e+06  4.3343e+05  -1.4285e+05  1.3368e+05         2.6767e+07  3.3832e+05
540640.0   0.762  0.6687  1.724  0.3018  0.06973  0.3151  2.765  0.4953  1.201  0.3545 1.623e+06  4.3566e+05    -1.1296e+05  1.5729e+05         3.8149e+07  4.5534e+05  -1.3026e+06  4.3413e+05         -53050  1.5371e+05      4.7759e+07  4.7147e+05  -6.2145e+05  5.2093e+05         -3.0622e+06  1.7828e+05         3.9515e+07  2.5162e+05  -4.1294e+06  4.071e+05  -9719.8  1.5243e+05     2.8015e+07  2.6055e+05  6.7427e+06  4.3524e+05  -84261  1.3407e+05      2.589e+07  3.4448e+05
541640.0   0.7352  0.6546  1.692  0.2984  0.06844  0.3006  2.715  0.5192  1.198  0.3571 1.7099e+06  4.3829e+05  -2.3056e+05  1.5841e+05         4.5425e+07  5.6042e+05  -2.2036e+06  4.3565e+05         4.6665e+05  1.6385e+05  5.7267e+07  6.6372e+05  -3.3345e+06  5.6457e+05         -5.2724e+06  2.0672e+05         4.2371e+07  2.4966e+05  -7.3921e+06  4.1717e+05         24265  1.5152e+05       2.7068e+07  2.6044e+05  9.9137e+06  4.3892e+05  1.2216e+05  1.3411e+05  2.3817e+07  3.5952e+05
542640.0   0.7309  0.6415  1.689  0.3026  0.06783  0.2938  2.648  0.5096  1.214  0.3544 1.689e+06  4.3825e+05   -3.8626e+05  1.5754e+05         4.2704e+07  5.9993e+05  -1.8671e+06  4.3627e+05         2.1988e+05  1.6535e+05  5.1972e+07  6.5308e+05  -2.2615e+06  5.7801e+05         -4.215e+06  2.0896e+05  4.0824e+07  2.5586e+05  -6.1541e+06  4.2339e+05         6151.9  1.5149e+05      2.751e+07  2.6054e+05   8.47e+06  4.3852e+05    52254  1.3401e+05       2.5118e+07  3.5601e+05
543640.0   0.7438  0.6396  1.705  0.3083  0.07046  0.3065  2.594  0.4989  1.216  0.3553 1.6326e+06  4.3741e+05  -4.9805e+05  1.5689e+05         4.1486e+07  6.781e+05   -1.511e+06  4.375e+05   1.0016e+05  1.6577e+05  4.8991e+07  5.5507e+05  -1.516e+06  5.9044e+05  -3.8311e+06  2.0919e+05         4.0378e+07  2.6422e+05  -6.0085e+06  4.497e+05  2.1182e+05  1.5166e+05  2.7667e+07  2.6049e+05  7.9395e+06  4.3951e+05  1.6956e+05  1.3475e+05  2.5762e+07  3.4406e+05
544640.0   0.7479  0.6434  1.709  0.3076  0.06956  0.3139  2.608  0.4911  1.201  0.3564 1.5234e+06  4.3988e+05  -3.0444e+05  1.5656e+05         4.3866e+07  6.8388e+05  -1.6186e+06  4.3654e+05         3.1504e+05  1.6705e+05  5.3528e+07  6.0792e+05  -2.4231e+06  5.928e+05  -4.8216e+06  2.207e+05  4.1644e+07  2.6009e+05  -7.0204e+06  4.5468e+05         3.2461e+05  1.5215e+05  2.7211e+07  2.6175e+05  9.0784e+06  4.4151e+05  3.114e+05  1.3607e+05   2.4633e+07  3.4986e+05
545640.0   0.745  0.6469  1.706  0.3061  0.06521  0.3083  2.66  0.4856  1.185  0.355 1.2025e+06  4.4919e+05     -2.6212e+05  1.5767e+05         4.6684e+07  7.884e+05   -1.9764e+06  4.3534e+05         7.2791e+05  1.8052e+05  5.6289e+07  7.6982e+05  -4.5111e+06  6.5434e+05         -5.3457e+06  2.5507e+05         4.0656e+07  2.7947e+05  -7.6611e+06  4.7628e+05         38392  1.5213e+05       2.7109e+07  2.6478e+05  9.1417e+06  4.4137e+05  2.3913e+05  1.385e+05   2.4272e+07  3.6592e+05
546640.0   0.738  0.6442  1.697  0.3066  0.06334  0.2991  2.659  0.4925  1.183  0.3521 1.235e+06  4.4886e+05    -4.8636e+05  1.5729e+05         4.5807e+07  8.1286e+05  -1.9817e+06  4.3559e+05         6.6078e+05  1.81e+05    5.3849e+07  7.7937e+05  -4.1193e+06  6.6502e+05         -4.8323e+06  2.5814e+05         3.9903e+07  2.7974e+05  -7.2902e+06  4.8117e+05         17311  1.5203e+05       2.7341e+07  2.6522e+05  8.7108e+06  4.4165e+05  1.6372e+05  1.3821e+05  2.4973e+07  3.6621e+05
547640.0   0.7308  0.6377  1.688  0.307  0.06788  0.2983  2.594  0.4967  1.196  0.3555 7.8482e+05  4.5077e+05   -36147  1.5951e+05      4.512e+07  7.4479e+05   -1.7257e+06  4.3464e+05         6.9479e+05  1.7716e+05  5.5823e+07  8.3034e+05  -3.8018e+06  6.3053e+05         -5.2825e+06  2.6306e+05         4.0223e+07  2.6348e+05  -7.2897e+06  4.7063e+05         2.4124e+05  1.5299e+05  2.7074e+07  2.6757e+05  8.7718e+06  4.4503e+05  2.6928e+05  1.3885e+05  2.409e+07  3.7875e+05
548640.0   0.7384  0.6361  1.698  0.3088  0.07034  0.3067  2.554  0.4949  1.202  0.3571 9.7134e+05  4.4932e+05  1.7898e+05  1.5975e+05  4.3155e+07  6.7455e+05  -1.3656e+06  4.3408e+05         4.8247e+05  1.7244e+05  5.5103e+07  7.5378e+05  -2.8053e+06  6.0956e+05         -4.9239e+06  2.436e+05  4.0681e+07  2.6689e+05  -6.4468e+06  4.4991e+05         1.8187e+05  1.5267e+05  2.7174e+07  2.6555e+05  8.3684e+06  4.39e+05    2.2346e+05  1.3779e+05  2.4016e+07  3.7155e+05
534640.0   0.7074  0.6399  1.683  0.2728  0.0876  0.3  2.59  0.6181  1.26  0.3789 -1.6427e+06  4.3689e+05 	-1.5962e+06  1.6077e+05 	3.9968e+07  2.5738e+05 	2.0845e+06  4.5821e+05 	2.6339e+06  1.5444e+05 	6.475e+07  3.014e+05 	6.7668e+05  4.8484e+05 	-5.8801e+06  1.4522e+05 	4.8531e+07  2.8254e+05 	-5.8599e+06  4.5014e+05 	1.03e+06  1.0133e+05 2.8828e+07  2.8823e+05 	6.2848e+06  3.2191e+05 	1.4228e+05  1.4887e+05 	2.7138e+07  2.8291e+05 	
535640.0   0.6783  0.6002  1.645  0.278  0.08292  0.2924  2.429  0.5168  1.24  0.3767 -2.6007e+06  4.3882e+05 	-3.6027e+06  1.6875e+05 	3.1493e+07  2.8246e+05 	4.4176e+06  4.6142e+05 	4.8049e+06  1.6779e+05 	7.6459e+07  4.1725e+05 	1.2533e+06  4.8627e+05 	-7.7328e+06  1.5158e+05 	5.2808e+07  2.9788e+05 	-6.7992e+06  4.506e+05 	1.4686e+06  1.0031e+05 	3.1861e+07  2.844e+05 	5.7357e+06  3.2166e+05 	3.6185e+05  1.4913e+05 	2.9019e+07  2.8422e+05 	
536640.0   0.6708  0.5853  1.641  0.2857  0.08245  0.2873  2.389  0.4767  1.242  0.3723 -2.4659e+06  4.3622e+05 	-3.4136e+06  1.6836e+05 	3.1629e+07  2.9442e+05 	3.7621e+06  4.5943e+05 	4.4715e+06  1.6735e+05 	7.4772e+07  4.1465e+05 	6.8517e+05  4.8167e+05 	-7.628e+06  1.5351e+05 	5.122e+07  2.8409e+05 	-7.2531e+06  4.5266e+05 	1.197e+06  1.0142e+05 	3.1321e+07  2.8385e+05 	6.297e+06  3.2207e+05 	5.1661e+05  1.5014e+05 	2.8188e+07  2.827e+05 	
537640.0   0.5895  0.5458  1.543  0.2669  0.1004  0.271  2.134  0.3888  1.212  0.3589 -6.0572e+06  4.431e+05 	-7.2115e+06  1.8484e+05 	1.8709e+07  3.6995e+05 	8.1173e+06  4.668e+05 8.6688e+06  1.9499e+05 	9.556e+07  6.1445e+05 	4.1203e+06  4.8612e+05 	-1.0861e+07  1.6832e+05 	5.9799e+07  3.1091e+05 	-9.342e+06  4.5414e+05 	1.7489e+06  1.0042e+05 	3.519e+07  2.8929e+05 	4.9789e+06  3.215e+05 	1.1391e+06  1.5119e+05 	3.1305e+07  2.8806e+05 	
538640.0   0.5633  0.5049  1.508  0.2914  0.1329  0.2178  2.178  0.3809  1.207  0.3417 -5.8784e+06  4.5e+05 	-6.425e+06  1.9064e+05 	2.1774e+07  3.6519e+05 	7.1835e+06  4.7039e+05 	7.6174e+06  2.0125e+05 	9.0116e+07  6.5249e+05 	3.4122e+06  4.9387e+05 	-1.0005e+07  1.7032e+05 	5.8099e+07  3.3497e+05 	-9.0709e+06  4.5457e+05 	1.6015e+06  1.0015e+05 	3.4102e+07  2.8729e+05 	5.2403e+06  3.2145e+05 	1.0524e+06  1.5141e+05 	3.024e+07  2.9079e+05 
539640.0   0.6233  0.4965  1.576  0.3215  0.148  0.1972  2.127  0.495  1.203  0.3381 -3.4208e+06  4.4825e+05 	-4.0817e+06  1.9398e+05 	2.9009e+07  4.2503e+05 	3.9235e+06  4.6528e+05 	5.3112e+06  2.0109e+05 	7.8239e+07  6.5867e+05 	5.3689e+05  4.8497e+05 	-8.297e+06  1.7814e+05 	5.0657e+07  3.0524e+05 	-8.3133e+06  4.6202e+05 	8.2767e+05  1.0231e+05 	3.1662e+07  2.8547e+05 	7.1807e+06  3.2228e+05 	9.7294e+05  1.5451e+05 	2.7836e+07  2.8421e+05 	
540640.0   0.6294  0.4962  1.6  0.3202  0.1428  0.1877  2.224  0.5437  1.185  0.3388 -4.9083e+06  4.4212e+05 	-5.9063e+06  1.866e+05 	2.2083e+07  3.9251e+05 	5.611e+06  4.6221e+05 	7.0513e+06  1.9701e+05 	8.7225e+07  6.3022e+05 	1.7182e+06  4.8229e+05 	-9.836e+06  1.7587e+05 	5.4034e+07  2.8876e+05 	-9.6553e+06  4.6077e+05 	1.0085e+06  1.0339e+05 	3.3399e+07  2.8446e+05 	6.5603e+06  3.239e+05 	1.3927e+06  1.5391e+05 	2.8773e+07  2.836e+05 
541640.0   0.5548  0.4379  1.52  0.31  0.1746  0.1441  2.401  0.3911  1.123  0.3221 -9.3918e+06  4.5356e+05 	-8.7983e+06  2.097e+05 	1.6369e+07  4.7073e+05 	1.0734e+07  4.7531e+05 	1.0402e+07  2.3437e+05 	1.0224e+08  8.5178e+05 	7.7675e+06  4.896e+05 	-1.1506e+07  1.9362e+05 	6.5526e+07  3.319e+05 	-9.714e+06  4.6056e+05 	2.061e+06  1.0095e+05 	3.5715e+07  2.9483e+05 	3.3613e+06  3.213e+05 	1.4746e+06  1.5483e+05 	3.2852e+07  2.9372e+05 	
542640.0   0.3509  0.3346  1.186  0.3048  0.2344  0.1315  2.223  0.4629  0.9605  0.2916 -6.594e+06  4.5376e+05 	-7.5418e+06  1.8605e+05 	1.7271e+07  2.3397e+05 	8.7428e+06  4.7264e+05 	8.5534e+06  2.0435e+05 	9.5062e+07  6.581e+05 	4.6858e+06  5.0319e+05 	-1.0862e+07  1.6542e+05 	6.1729e+07  3.3924e+05 	-9.5421e+06  4.4949e+05 	1.9061e+06  99884 	3.5266e+07  2.7655e+05 	4.1793e+06  3.2004e+05 	1.187e+06  1.5035e+05 	3.1222e+07  2.9703e+05 
543640.0   0.2443  0.296  0.9614  0.34  0.2922  0.2295  2.273  0.5635  0.811  0.2797 -5.881e+06  4.4742e+05 	-6.1378e+06  1.7626e+05 	2.21e+07  1.4856e+05 	6.4687e+06  4.6913e+05 	7.6894e+06  1.7693e+05 	8.6482e+07  5.5964e+05 	1.6142e+06  5.1465e+05 	-9.1538e+06  1.6157e+05 	5.6093e+07  3.4908e+05 	-9.1804e+06  4.4758e+05 	1.1244e+06  1.0014e+05 	3.5177e+07  2.7061e+05 	5.1187e+06  3.1994e+05 	1.5296e+06  1.4781e+05 	2.8935e+07  2.9833e+05 	
544640.0   0.05509  0.2497  0.6105  0.3316  0.3275  0.3383  2.147  0.7278  0.6692  0.2396 -6.3751e+06  4.3564e+05 	-6.4367e+06  1.6171e+05 	2.2578e+07  82134 	8.0971e+06  4.5827e+05 	7.5365e+06  1.6553e+05 	9.0109e+07  3.6474e+05 	5.5781e+06  4.7686e+05 	-9.9806e+06  1.4274e+05 	6.0046e+07  2.7335e+05 	-8.7366e+06  4.4592e+05 	1.5929e+06  98944 	3.3306e+07  2.7245e+05 	4.5202e+06  3.1978e+05 	1.0698e+06  1.4766e+05 	3.0909e+07  2.8166e+05 
545640.0   0.1685  0.2042  0.3607  0.3532  0.3846  0.4164  1.956  0.9547  0.9203  0.2325 -4.6052e+06  4.3115e+05 	-3.9206e+06  1.7016e+05 	2.8753e+07  1.3389e+05 	6.7983e+06  4.5693e+05 	5.3702e+06  1.7718e+05 	7.8207e+07  4.5169e+05 	1.1944e+06  4.7051e+05 	-7.9432e+06  1.5134e+05 	5.199e+07  2.6572e+05 	-9.1182e+06  4.5527e+05 	6.3568e+05  1.0208e+05 	3.0331e+07  2.617e+05 	7.5336e+06  3.1942e+05 	9.7546e+05  1.5195e+05 	2.8209e+07  2.8198e+05 
546640.0   0.3724  0.2253  0.4299  0.2776  0.3981  0.5022  2.526  1.267  1.265  0.2473 -4.7822e+06  4.2538e+05 	-2.8135e+06  1.6343e+05 	3.2439e+07  1.6985e+05 	2.0211e+06  4.6783e+05 	3.8864e+06  1.6406e+05 	7.258e+07  3.9353e+05 	-2.3031e+05  4.5919e+05 	-7.7988e+06  1.4342e+05 	5.4451e+07  2.4638e+05 	-6.3314e+06  4.9673e+05 	1.5573e+06  1.0115e+05 	3.4298e+07  2.7965e+05 	6.77e+06  3.1091e+05 	2.8617e+05  1.455e+05 	3.0247e+07  2.9198e+05 	
547640.0   0.4224  0.2421  0.3069  0.2832  0.3915  0.4949  2.069  1.194  1.242  0.2398 -6.8374e+05  4.3306e+05 	-4.8838e+06  1.6331e+05 	2.4831e+07  69046 	5.3849e+06  4.2603e+05 	3.7965e+06  2.0379e+05 	7.9392e+07  4.1108e+05 	-7.5192e+06  4.4593e+05 	-8.8166e+06  1.4883e+05 	5.3988e+07  2.7363e+05 	-8.8514e+06  4.1472e+05 	2.2151e+06  1.124e+05 	3.516e+07  2.4634e+05 	8.6604e+06  3.1399e+05 	9.197e+05  1.5698e+05 	2.873e+07  2.6623e+05 /home/clementt/Documents/internshipReport/rapport_stage.pdf
