534440.0   0.11512      -8.1545e+06  2.4523e+06         -1.5842e+07  3.8243e+06         5.5107e+07  3.3521e+06  -5.2309e+07  4.8398e+06         -4.5015e+07  4.27e+06   1.6639e+08  3.7648e+06  3.1846e+06  3.8321e+06  4.9329e+07  4.3835e+06  9.8482e+07  2.3342e+06  5.5618e+07  4.4739e+06  -1.1131e+07  4.6361e+06         -8.9243e+07  4.3764e+06         7.1334e+06  4.2547e+06  3.187e+07  4.8086e+06   9.2728e+07  5.4124e+06
535240.0   0.084076     -7.1656e+06  2.4057e+06         -3.7107e+07  3.6892e+06         -2.0671e+07  1.312e+06  -5.7261e+07  4.4274e+06         -4.8891e+07  4.2774e+06         1.3689e+08  1.4756e+06  -1.0061e+07  3.751e+06  6.3596e+07  4.284e+06   9.0115e+07  2.2255e+06  4.1659e+07  4.0364e+06  -5.3946e+07  4.5431e+06         -1.2247e+08  4.3047e+06         1.2351e+07  4.2431e+06  4.2564e+07  4.7132e+06  1.2943e+08  5.2763e+06
536040.0   0.073809     -9.3313e+06  2.4168e+06         -2.0967e+07  3.6994e+06         2.5212e+07  1.3085e+06  -8.839e+07  4.3561e+06  -5.7475e+07  4.1025e+06         1.9561e+08  1.7515e+06  1.4868e+07  3.6642e+06  4.758e+07  4.2379e+06   8.8554e+07  2.0559e+06  6.6841e+07  4.0417e+06  -4.0797e+07  4.4282e+06         -1.0033e+08  4.1711e+06         -8.211e+06  4.2114e+06  5.1882e+07  4.623e+06   1.1904e+08  5.2584e+06
536840.0   0.19433      -2.0046e+07  2.2361e+06         -1.2066e+07  1.6296e+06         -2.0557e+07  4.9525e+05         2.1244e+07  3.7637e+06  6.7686e+06  3.9438e+06  1.2063e+08  1.0132e+06  -3.493e+07  3.0205e+06  -3.9942e+07  3.6366e+06         1.4741e+08  1.3674e+06  4.9745e+07  3.603e+06   1.5501e+07  4.2554e+06  -1.3482e+08  4.0057e+06         1.388e+07  3.5242e+06   1.766e+07  4.0283e+06   7.7888e+07  4.8195e+06
537640.0   0.26437      -2.8094e+07  2.1635e+06         7.8929e+07  2.2258e+06  -1.803e+07  5.5229e+05  -3.5305e+07  3.5558e+06         -2.7362e+07  3.861e+06  1.465e+08  1.1381e+06   -1.3471e+07  3.195e+06  -2.8359e+07  3.2808e+06         7.9557e+07  1.3505e+06  2.1893e+07  3.1427e+06  -4.1231e+07  2.6505e+06         -1.2288e+08  3.3517e+06         -4.6819e+07  3.2499e+06         -2.4277e+07  4.2601e+06         2.1132e+08  4.5301e+06
538440.0   0.15822      2.881e+07  2.2015e+06   -4.2123e+07  2.7752e+06         4.3914e+07  6.601e+05   -5.1717e+07  3.8602e+06         -5.5206e+07  3.5935e+06         2.2996e+08  1.1996e+06  1.0904e+07  2.5939e+06  1.324e+07  3.6057e+06   7.5129e+07  1.2435e+06  1.2924e+08  3.0739e+06  4.2988e+06  3.2337e+06  -1.1003e+08  3.722e+06  3.2327e+07  3.5029e+06  5.0399e+07  3.3617e+06  7.6586e+07  4.4918e+06
539240.0   0.096083     -7.3418e+06  2.1228e+06         6.305e+06  3.0103e+06   1.8875e+07  9.7112e+05  -1.0889e+08  3.6935e+06         -1.0157e+08  4.0761e+06         2.0946e+08  1.2968e+06  3.4823e+07  3.1812e+06  4.1607e+07  3.5164e+06  6.129e+07  1.5461e+06   9.8652e+07  3.61e+06    -9.1135e+07  3.8993e+06         -1.1404e+08  3.6719e+06         -5.0462e+06  3.9885e+06         3.1185e+07  3.6331e+06  9.5355e+07  4.9899e+06
540040.0   0.11098      -1.0452e+07  1.7453e+06         -2.9392e+07  1.1888e+06         -1.5244e+07  3.928e+05  1.9709e+07  2.8276e+06  1.1941e+06  3.4342e+06  1.1764e+08  8.3276e+05  -3.7673e+07  2.3904e+06         -6.4429e+07  2.6769e+06         1.5046e+08  9.7671e+05  1.0463e+08  3.1647e+06  2.2877e+07  3.4072e+06  -1.5168e+08  4.042e+06  7.4375e+07  2.4465e+06  7.0972e+06  3.2129e+06  5.6638e+07  4.1525e+06
540840.0   0.18937      -6.9741e+06  1.362e+06  -6.964e+06  1.0845e+06  -2.3095e+07  2.4159e+05         1.8314e+07  2.6862e+06  3.379e+07  2.5762e+06   1.1518e+08  6.3479e+05  -5.9226e+07  1.9067e+06         -2.9743e+07  2.272e+06  1.4227e+08  6.9827e+05  5.5873e+07  2.9085e+06  2.6011e+07  2.67e+06    -1.5326e+08  2.8213e+06         6.9634e+06  2.2667e+06  -1.5407e+07  2.8859e+06         1.1354e+08  2.9995e+06
541640.0   0.1509       -1.7249e+07  1.6833e+06         1.0169e+08  1.6584e+06  -2.0852e+07  3.6264e+05         -5.869e+07  2.3358e+06  -1.2275e+07  2.584e+06  1.5253e+08  7.0234e+05  -3.5861e+07  2.2683e+06         -3.9867e+07  2.5129e+06         8.1158e+07  1.0142e+06  -1.8079e+06  2.4824e+06         -2.7689e+07  2.0124e+06         -1.0588e+08  2.2074e+06         -7.0949e+07  2.656e+06  -7.1243e+07  3.6036e+06         1.7994e+08  3.8076e+06
542440.0   0.085827     -2.268e+07  1.7595e+06  7.3711e+07  1.8066e+06  -1.6836e+07  4.2825e+05         -2.7516e+07  2.753e+06  -6.5202e+07  3.1321e+06         1.5591e+08  9.6776e+05  -8.2335e+06  2.1019e+06         -6.4129e+07  2.5691e+06         8.7866e+07  8.6638e+05  4.2053e+07  2.2555e+06  -2.6429e+07  1.9259e+06         -1.1437e+08  2.9268e+06         -3.9229e+07  2.3639e+06         -1.7701e+07  3.4264e+06         1.6462e+08  3.7671e+06
543240.0   0.055038     3.6593e+07  1.4723e+06  -4.4863e+07  2.2585e+06         4.1989e+07  4.4715e+05  -6.6928e+07  2.7964e+06         -7.3319e+07  2.6395e+06         2.4385e+08  8.555e+05   1.3531e+07  1.8092e+06  6.66e+06  3.0756e+06    7.5503e+07  1.0755e+06  1.2064e+08  2.288e+06   -9.8418e+06  2.3528e+06         -1.0464e+08  3.051e+06  1.8131e+07  2.5663e+06  5.3411e+07  2.7248e+06  6.715e+07  3.4023e+06
544040.0   0.057459     1.911e+07  1.8425e+06   -4.1753e+07  2.2161e+06         4.3106e+07  4.5729e+05  -6.6546e+07  2.9926e+06         -5.5732e+07  2.9701e+06         2.3362e+08  8.9154e+05  1.7317e+07  2.1351e+06  2.0249e+07  2.8618e+06  7.0494e+07  1.1921e+06  1.257e+08  2.5245e+06   -2.0437e+07  2.4063e+06         -1.1945e+08  3.5574e+06         2.5006e+07  2.6458e+06  5.2277e+07  2.8485e+06  6.2915e+07  3.0394e+06
544840.0   0.066928     -2.1136e+07  1.9183e+06         -3.2559e+07  2.4682e+06         1.3348e+07  7.1641e+05  -1.0764e+08  2.7911e+06         -1.0952e+08  3.0281e+06         2.0052e+08  1.1319e+06  4.1078e+07  1.9447e+06  6.5175e+07  2.7834e+06  5.3511e+07  1.0338e+06  1.1007e+08  3.0951e+06  -1.4639e+08  3.7143e+06         -1.4039e+08  3.5407e+06         2.0085e+07  3.3861e+06  6.7022e+07  3.8e+06     1.5138e+08  4.082e+06
545640.0   0.084375     3.7845e+06  1.6047e+06  6.2685e+06  2.5114e+06  1.9608e+07  8.6079e+05  -1.2576e+08  3.037e+06  -9.5691e+07  3.0803e+06         2.1422e+08  1.0397e+06  1.1868e+07  2.2378e+06  3.3401e+07  2.4327e+06  6.1823e+07  1.2546e+06  9.1213e+07  3.0122e+06  -7.8794e+07  2.929e+06  -1.321e+08  3.082e+06   -1.5103e+07  3.1775e+06         2.5621e+07  3.1522e+06  1.1607e+08  4.0496e+06
546440.0   0.18313      -3.451e+07  1.4517e+06  -4.0331e+07  9.283e+05  -6.6402e+06  1.9675e+05         6.4851e+07  2.4425e+06  -2.4142e+07  2.93e+06   1.2643e+08  7.4731e+05  -1.5134e+07  2.0299e+06         -7.8889e+07  2.0355e+06         1.2958e+08  5.4327e+05  1.2833e+08  3.0316e+06  3.0672e+06  2.8081e+06  -2.1756e+08  2.6359e+06         7.4101e+07  1.9745e+06  3.6376e+07  2.6493e+06  5.0632e+07  3.4153e+06
