Time	 NRMSE1  NRMSE2  NRMSE3  NRMSE4  NRMSE5  NRMSE6  NRMSE7  NRMSE8  NRMSE9  NRMSE10 Param1      Std    	Param2      Std    	Param3      Std    	Param4      Std    	Param5      Std    	Param6      Std    	Param7      Std    	Param8      Std    	Param9      Std    	Param10      Std    	Param11      Std    	Param12      Std    	Param13      Std    	Param14      Std    	Param15      Std    	
0  0.7809  0.7153  1.762  0.2836  0.08283  0.3127  2.961  0.5213  1.288  0.3565  -20840  7.7263e+05 	1.6447e+05  6.4672e+05 	3.0019e+07  6.723e+05 	1.6856e+05  5.2415e+05 	-32375  7.729e+05 	2.9858e+07  6.2728e+05 	-1.7904e+05  6.636e+05 	25410  6.9924e+05 	2.9978e+07  5.2002e+05 	-2.2632e+05  5.3862e+05 	-89973  4.636e+05 	3.0164e+07  6.6744e+05 	1.289e+05  6.1549e+05 	-45959  5.1095e+05 	2.9944e+07  5.8584e+05 	
1   0.7809  0.7153  1.762  0.2836  0.08283  0.3127  2.961  0.5213  1.288  0.3565 -9.3896e+06  7.5751e+05 	9.708e+06  6.3457e+05 	3.7535e+07  6.6148e+05 	1.1997e+06  5.2129e+05 	6.4537e+06  7.6889e+05 	3.9321e+07  6.2324e+05 	4.8711e+06  6.6103e+05 	5.8884e+06  6.9242e+05 	4.43e+07  4.8078e+05 	9.3972e+05  5.4053e+05 	-3.2108e+06  4.6084e+05 	2.4562e+07  6.6408e+05 	-3.022e+05  6.1489e+05 	-36345  5.1218e+05 	3.2177e+07  5.8226e+05 
2   0.7  0.6759  1.673  0.2587  0.09935  0.3155  2.637  0.5862  1.299  0.3789 -1.1834e+07  7.4155e+05 	1.8055e+07  6.2452e+05 	4.9016e+07  6.4331e+05 	9.1356e+06  5.0391e+05 	1.1426e+07  7.6825e+05 	6.4691e+07  5.6825e+05 	8.2109e+06  6.625e+05 	2.9899e+06  6.8959e+05 	5.0411e+07  4.7071e+05 	2.0127e+06  5.4139e+05 	-9.9189e+06  4.5314e+05 	1.5215e+07  6.5552e+05 	5.3329e+06  6.1228e+05 	1.7404e+06  5.1829e+05 	3.0177e+07  5.7919e+05 
3   0.5818  0.6202  1.572  0.2109  0.09828  0.2978  2.548  0.4009  1.235  0.4108 -1.0173e+07  7.2348e+05 	2.1586e+07  6.2133e+05 	5.064e+07  7.3781e+05 	1.4027e+07  5.1349e+05 	1.4271e+07  7.7207e+05 	7.4293e+07  6.2298e+05 	1.0211e+07  6.6668e+05 	1.5206e+06  6.9772e+05 	5.4147e+07  4.8124e+05 	8.8724e+05  5.2797e+05 	-1.1581e+07  4.5631e+05 	1.223e+07  6.5881e+05 	6.7815e+06  6.2081e+05 	2.2523e+06  5.2766e+05 	2.9809e+07  5.949e+05 
4   0.5682  0.5598  1.55  0.2369  0.1045  0.2625  2.336  0.4515  1.22  0.4082 -6.676e+06  7.093e+05 	2.5503e+07  6.1779e+05 	6.1017e+07  7.7213e+05 	1.8766e+07  5.0404e+05 	1.6648e+07  7.7719e+05 	7.9645e+07  5.9949e+05 	1.2986e+07  6.6901e+05 	-22016  6.9871e+05 	5.4265e+07  4.8767e+05 	-1.069e+06  5.1921e+05 	-1.1992e+07  4.5851e+05 	7.8746e+06  6.4732e+05 	7.8175e+06  6.2456e+05 	-87719  5.3008e+05 	2.9158e+07  6.0798e+05 
5   0.5938  0.5343  1.589  0.2498  0.1039  0.2863  2.183  0.4403  1.158  0.4326 -3.4325e+06  7.1156e+05 	2.8247e+07  6.1503e+05 	6.0412e+07  6.5887e+05 	2.6073e+07  5.0004e+05 	2.057e+07  7.8375e+05 	9.289e+07  5.4308e+05 	1.6263e+07  6.7272e+05 	-2.5854e+06  6.9609e+05 	5.8106e+07  4.7146e+05 	-2.0963e+06  5.1807e+05 	-1.4397e+07  4.5474e+05 	6.5266e+06  6.4036e+05 	1.0344e+07  6.2164e+05 	9.6857e+05  5.2613e+05 	2.6375e+07  6.1866e+05 
6   0.5506  0.5209  1.541  0.2266  0.09683  0.2992  2.192  0.3243  1.08  0.4444 -3.0648e+06  6.9254e+05 	3.5171e+07  6.106e+05 	7.448e+07  5.3968e+05 	3.0627e+07  4.7218e+05 	2.3621e+07  7.7961e+05 	1.0204e+08  4.8172e+05 	1.8624e+07  6.7048e+05 	-4.1584e+06  6.8677e+05 	6.0303e+07  4.5237e+05 	-2.62e+06  5.1647e+05 	-1.6102e+07  4.4764e+05 	-9.7545e+05  6.4208e+05 	1.2101e+07  6.1109e+05 	-3.3521e+05  5.1152e+05 	2.7419e+07  6.0287e+05 	
7   0.4413  0.4827  1.403  0.2035  0.1175  0.2782  2  0.282  1.086  0.4494 -5.5051e+06  6.795e+05 	3.8472e+07  6.113e+05 	6.5888e+07  6.5292e+05 	2.9282e+07  4.6243e+05 	2.1169e+07  7.806e+05 	1.0264e+08  4.7005e+05 	1.5764e+07  6.7042e+05 	-2.1258e+06  6.8398e+05 	6.6776e+07  4.4924e+05 	-5.0186e+06  5.1687e+05 	-1.4714e+07  4.4774e+05 	-6.9127e+05  99749 	9.7569e+06  6.109e+05 	2.4464e+06  5.2081e+05 	3.7084e+07  5.8762e+05 	
8   0.4891  0.4498  1.47  0.2392  0.1296  0.2578  1.918  0.3599  1.119  0.4356 -5.0523e+06  6.7636e+05 	4.0648e+07  6.1185e+05 	6.5599e+07  4.2555e+05 	3.3912e+07  4.413e+05 	2.3221e+07  7.6443e+05 	1.1092e+08  4.6092e+05 	1.7289e+07  6.5352e+05 	-3.6263e+06  6.8233e+05 	7.023e+07  4.3553e+05 	-5.1762e+06  5.171e+05 	-1.7725e+07  4.4721e+05 	8578  2830.4 	1.1889e+07  6.0728e+05 	1.7278e+06  4.9875e+05 	3.7057e+07  5.6308e+05 	
9   0.4713  0.4733  1.45  0.2041  0.109  0.275  1.984  0.2418  1.071  0.4514 -5.1523e+06  6.7555e+05 	4.3443e+07  6.0952e+05 	6.0953e+07  4.6025e+05 	3.6017e+07  4.3977e+05 	2.1653e+07  7.6652e+05 	1.1962e+08  4.5841e+05 	1.5845e+07  6.554e+05 	-5.1313e+06  6.8292e+05 	7.3462e+07  4.3666e+05 	-5.9861e+06  5.1818e+05 	-1.8825e+07  4.417e+05 	-4084.8  2824.9 	1.3115e+07  6.0622e+05 	4.6845e+06  5.0033e+05 	4.0629e+07  5.7307e+05 	
10   0.4225  0.4408  1.391  0.2127  0.1288  0.2516  1.817  0.3015  1.088  0.4417 -4.7869e+06  6.7599e+05 	4.593e+07  6.0557e+05 	4.8839e+07  5.8019e+05 	3.7971e+07  4.4084e+05 	2.1389e+07  7.7284e+05 	1.2748e+08  5.279e+05 	1.448e+07  6.5982e+05 	-5.937e+06  6.8626e+05 	7.9322e+07  4.3288e+05 	-7.8229e+06  5.1746e+05 	-1.9368e+07  4.4335e+05 	-12012  2975.8 	1.3132e+07  6.0939e+05 	8.9371e+06  5.101e+05 	4.51e+07  5.7095e+05 	
11   0.4589  0.4355  1.433  0.2308  0.1243  0.241  1.932  0.2652  1.069  0.4349 -6.4827e+06  6.7863e+05 	4.5146e+07  6.0591e+05 	4.4083e+07  9.4527e+05 	3.9888e+07  4.4318e+05 	2.2402e+07  7.8591e+05 	1.3294e+08  6.8973e+05 	1.4498e+07  6.7671e+05 	-5.7145e+06  6.9308e+05 	8.3288e+07  4.5433e+05 	-7.3282e+06  5.2456e+05 	-2.2015e+07  4.4635e+05 	2071.7  3017.7 	1.4037e+07  6.1681e+05 	9.0314e+06  5.4965e+05 	4.5706e+07  6.1308e+05 	
12   0.4067  0.4396  1.373  0.223  0.1339  0.2286  1.969  0.1884  1.094  0.4313 -5.1504e+06  6.8237e+05 	4.6492e+07  6.0353e+05 	2.15e+07  1.4022e+06 	4.1802e+07  4.5634e+05 	1.6218e+07  7.9454e+05 	1.4923e+08  9.0332e+05 	1.0158e+07  6.9493e+05 	-9.3894e+06  7.1005e+05 	8.9138e+07  5.0608e+05 	-1.0631e+07  5.2998e+05 	-2.5453e+07  4.6161e+05 	10015  2961.8 	1.6082e+07  6.249e+05 	1.4292e+07  6.1446e+05 	5.4605e+07  6.6077e+05 	
13   0.3402  0.4017  1.282  0.2601  0.1765  0.1957  1.694  0.2626  1.084  0.3888 -4.3053e+06  6.7676e+05 	4.8304e+07  6.0188e+05 	4.1561e+05  9.4757e+05 	4.5281e+07  4.4576e+05 	1.3441e+07  7.8778e+05 	1.624e+08  7.0443e+05 	9.7988e+06  6.7322e+05 	-1.1128e+07  7.0062e+05 	9.63e+07  4.1648e+05 	-1.1815e+07  5.1766e+05 	-2.62e+07  4.6274e+05 	6383.7  2911 	1.6065e+07  6.1644e+05 	2.0533e+07  5.3292e+05 	6.0448e+07  5.766e+05 	
14   0.158  0.3809  0.7909  0.2806  0.2121  0.1859  1.727  0.5109  1.017  0.3184 -3.015e+06  6.6999e+05 	4.8215e+07  6.0378e+05 	-1.0143e+06  1.9272e+05 	4.8634e+07  4.3618e+05 	1.1598e+07  7.6394e+05 	1.6281e+08  4.8313e+05 	1.3845e+07  6.1659e+05 	-1.1511e+07  6.8683e+05 	9.9617e+07  3.7941e+05 	-9.411e+06  5.016e+05 	-2.3056e+07  4.3282e+05 	-10954  2820.3 	1.3034e+07  6.1104e+05 	2.2322e+07  4.8341e+05 	6.0404e+07  5.2255e+05 	
15   0.1963  0.2569  0.4662  0.2161  0.2633  0.3553  1.34  0.6853  0.9882  0.3289 -7.729e+06  6.6448e+05 	4.3969e+07  5.4836e+05 	-18853  2996.9 	4.7674e+07  4.1502e+05 	1.7316e+07  7.6981e+05 	1.6005e+08  5.6071e+05 	1.5786e+07  5.8396e+05 	-8.0225e+06  6.8878e+05 	9.688e+07  3.5384e+05 	-8.4018e+06  4.8996e+05 	-2.2967e+07  4.3838e+05 	-15742  2741.8 	1.5836e+07  5.8006e+05 	1.8495e+07  5.0763e+05 	6.1204e+07  5.3814e+05 	
16   0.2946  0.4012  0.148  0.2338  0.2591  0.415  1.622  0.7257  0.8875  0.3094 -1.9999e+07  7.2124e+05 	2.557e+07  7.6019e+05 	2578.4  2799.2 	4.3222e+07  4.2098e+05 	2.643e+07  8.152e+05 	1.569e+08  4.4061e+05 	1.5322e+07  5.6036e+05 	-1.4349e+06  7.2263e+05 	9.3173e+07  3.4199e+05 	-7.1373e+06  4.7943e+05 	-2.7868e+07  4.4704e+05 	-32979  2797.1 	1.4132e+07  5.4963e+05 	1.0329e+07  4.4456e+05 	5.7656e+07  5.2278e+05 	
17   0.3116  0.5434  0.3615  0.1218  0.0914  0.2736  1.817  0.9166  1.068  0.3374 -2.8438e+07  6.5546e+05 	1.5414e+07  5.1322e+05 	19873  2605.5 	4.3972e+07  3.9209e+05 	3.0775e+07  8.0971e+05 	1.5608e+08  4.1727e+05 	1.686e+07  5.4176e+05 	4.3556e+05  7.1403e+05 	9.0775e+07  3.0672e+05 	-6.7268e+06  4.5734e+05 	-3.061e+07  3.9841e+05 	-4574.6  2750 	1.9346e+07  5.1233e+05 	7.7021e+06  4.1145e+05 	5.6085e+07  4.7328e+05 	
18   0.2909  0.6127  0.2906  0.1029  0.1132  0.06892  1.74  0.8552  1.089  0.3607 -3.2106e+07  5.7337e+05 	7.8465e+06  2.7782e+05 	39767  2268.3 	4.2478e+07  3.8536e+05 	3.4376e+07  7.3446e+05 	1.5687e+08  3.8609e+05 	1.7498e+07  5.1045e+05 	4.1441e+06  6.494e+05 	8.8676e+07  2.9455e+05 	-3.8515e+06  4.4462e+05 	-3.3238e+07  3.8907e+05 	9320.7  3002.6 	2.1427e+07  4.9899e+05 	7.6479e+06  4.047e+05 	5.0673e+07  4.3561e+05 	
19   0.3778  0.5138  0.353  0.2073  0.1767  0.03245  1.683  0.7109  1.045  0.3768 -2.7588e+07  5.9409e+05 	9.7209e+06  2.2145e+05 	51592  2249.8 	4.4816e+07  3.7396e+05 	2.9342e+07  7.3428e+05 	1.5795e+08  3.7097e+05 	1.98e+07  4.8896e+05 	-9.1033e+05  6.4862e+05 	8.8918e+07  2.6317e+05 	-5.6153e+06  4.4346e+05 	-3.3565e+07  3.8048e+05 	14145  2942 	1.8246e+07  4.7345e+05 	1.0903e+07  4.9631e+05 	5.1019e+07  4.1059e+05 	
20   0.5333  0.3803  0.503  0.2198  0.1865  0.06701  1.528  1.127  1.181  0.3892 -2.3552e+07  5.9953e+05 	1.1575e+07  2.0076e+05 	46609  2195.9 	4.4863e+07  3.4615e+05 	2.6384e+07  7.3398e+05 	1.5719e+08  3.5767e+05 	2.2686e+07  4.9857e+05 	-4.205e+06  6.315e+05 	8.748e+07  2.6287e+05 	-4.1557e+06  4.2721e+05 	-3.1215e+07  3.5542e+05 	34637  3112.9 	1.5313e+07  4.6246e+05 	9.6612e+06  4.5113e+05 	5.2407e+07  3.968e+05 	
21   0.3989  0.4867  0.3886  0.1816  0.1881  0.03025  1.587  0.9007  1.106  0.3727 -2.1541e+07  6.2461e+05 	1.3475e+07  2.2618e+05 	51161  2284.1 	4.388e+07  3.3347e+05 	2.2186e+07  8.1073e+05 	1.5736e+08  3.8304e+05 	2.5068e+07  4.9283e+05 	-6.8927e+06  6.6046e+05 	8.5377e+07  2.9499e+05 	-3.7396e+06  4.3142e+05 	-2.9093e+07  3.4519e+05 	57504  3236.4 	1.4921e+07  4.4111e+05 	1.1933e+07  5.5619e+05 	5.3786e+07  3.8398e+05 	
22   0.4511  0.4709  0.4432  0.1977  0.1797  0.03001  1.603  1.021  1.177  0.374 -2.033e+07  6.2678e+05 	1.3319e+07  1.9687e+05 	67901  2452.2 	4.0836e+07  3.4693e+05 	1.6827e+07  9.5602e+05 	1.5722e+08  3.8983e+05 	2.817e+07  4.9027e+05 	-4.6965e+06  5.9588e+05 	8.2181e+07  3.3522e+05 	-1.7312e+06  4.1347e+05 	-2.8029e+07  3.4178e+05 	86633  3411.7 	1.3845e+07  4.2184e+05 	1.4855e+07  5.8389e+05 	5.1456e+07  4.017e+05 	
23   0.4038  0.508  0.4034  0.1924  0.1803  0.02346  1.845  0.8861  1.11  0.3677 -9.4478e+06  9.8133e+05 	1.4992e+07  2.6848e+05 	69007  2646.9 	4.0083e+07  3.5746e+05 	5.8287e+06  1.4302e+06 	1.5972e+08  4.9565e+05 	2.8867e+07  5.0975e+05 	-1.0328e+07  7.5019e+05 	7.917e+07  4.9479e+05 	-6.5842e+06  4.5898e+05 	-2.6143e+07  3.3806e+05 	1.3442e+05  5010.6 	1.2639e+07  4.0828e+05 	2.1868e+07  9.0703e+05 	5.389e+07  3.757e+05 	
24   0.3962  0.5174  0.425  0.1786  0.1771  0.03341  1.754  0.9338  1.139  0.3635 5.7649e+06  1.4069e+06 	1.8461e+07  3.4569e+05 	98094  3044.7 	3.5365e+07  4.5311e+05 	-1.7079e+07  2.1937e+06 	1.6593e+08  6.5088e+05 	3.0169e+07  5.5061e+05 	-1.9276e+07  9.1293e+05 	7.0203e+07  7.4519e+05 	-9.9242e+06  6.2639e+05 	-2.3994e+07  3.6089e+05 	2.2055e+05  7634.6 	1.2283e+07  4.0551e+05 	3.5279e+07  1.2726e+06 	5.2192e+07  3.8133e+05 	
25   0.3546  0.5683  0.4164  0.1685  0.1619  0.06778  1.759  0.9138  1.148  0.3503 1.8157e+07  2.4457e+06 	1.996e+07  6.0297e+05 	1.1171e+05  4571.6 	3.2404e+07  6.4348e+05 	-4.1568e+07  3.9317e+06 	1.7217e+08  1.104e+06 	3.0715e+07  6.702e+05 	-2.5301e+07  1.4867e+06 	6.3233e+07  1.3434e+06 	-1.7459e+07  9.9866e+05 	-2.3287e+07  4.0706e+05 	2.8288e+05  13385 	1.0901e+07  4.2703e+05 	4.2298e+07  2.1369e+06 	5.4609e+07  3.6919e+05 	
26   0.3547  0.5692  0.4386  0.1563  0.14  0.099  1.693  0.9142  1.154  0.3458 1.0661e+07  2.659e+06 	1.8746e+07  6.9199e+05 	1.2103e+05  5421.9 	2.9071e+07  7.9619e+05 	-3.5667e+07  4.4351e+06 	1.699e+08  1.2369e+06 	2.9138e+07  6.9498e+05 	-1.6978e+07  1.5213e+06 	6.4012e+07  1.5688e+06 	-1.437e+07  1.0992e+06 	-2.4323e+07  3.9277e+05 	2.5804e+05  14970 	1.3902e+07  3.9464e+05 	3.7126e+07  2.3491e+06 	5.1948e+07  3.8569e+05 	
27   0.4047  0.5411  0.4906  0.1579  0.1285  0.1022  1.559  0.9227  1.167  0.3525 1.4714e+07  2.4487e+06 	1.8537e+07  6.2494e+05 	1.1413e+05  4809.9 	2.7182e+07  6.633e+05 	-4.0816e+07  3.9752e+06 	1.7113e+08  1.1876e+06 	2.6712e+07  5.395e+05 	-1.7997e+07  1.4926e+06 	6.1742e+07  1.4961e+06 	-1.489e+07  1.0693e+06 	-2.4378e+07  3.334e+05 	2.6641e+05  13337 	1.4664e+07  3.8646e+05 	3.741e+07  2.0786e+06 	5.1923e+07  3.4948e+05 	
28   0.5273  0.442  0.5628  0.1645  0.1141  0.09786  1.514  1.047  1.207  0.3552 5.6031e+06  2.7474e+06 	1.7063e+07  6.6902e+05 	95125  5139.9 	3.136e+07  6.182e+05 	-2.8453e+07  4.3393e+06 	1.6817e+08  1.3293e+06 	2.4983e+07  5.1576e+05 	-1.5802e+07  1.7428e+06 	6.6331e+07  1.6368e+06 	-1.1457e+07  1.2314e+06 	-2.5274e+07  3.3564e+05 	2.1938e+05  13924 	1.545e+07  3.8314e+05 	3.0314e+07  2.1994e+06 	5.0869e+07  3.297e+05 	
29   0.5862  0.3809  0.5806  0.1713  0.1037  0.09559  1.432  1.123  1.203  0.3602 -2.011e+07  2.5316e+06 	1.0504e+07  6.1709e+05 	59210  5357.9 	3.5407e+07  5.9293e+05 	1.1635e+07  3.9942e+06 	1.5621e+08  1.2159e+06 	2.275e+07  4.9516e+05 	1.4694e+06  1.6659e+06 	8.1336e+07  1.5325e+06 	-5.4895e+05  1.1787e+06 	-2.77e+07  2.8775e+05 	88561  12930 	1.7817e+07  3.6542e+05 	9.6474e+06  1.9963e+06 	5.2036e+07  3.2513e+05 	
30   0.6296  0.3496  0.5724  0.2017  0.1244  0.05563  1.456  1.19  1.215  0.3774 -3.9101e+07  2.289e+06 	6.0725e+06  5.2174e+05 	20073  4413.5 	4.0271e+07  4.7056e+05 	4.457e+07  3.4119e+06 	1.4752e+08  1.085e+06 	1.8478e+07  4.4203e+05 	1.1997e+07  1.5e+06 	9.2437e+07  1.3567e+06 	8.5494e+06  1.1073e+06 	-3.1004e+07  2.7762e+05 	-13549  10056 	1.7916e+07  3.4641e+05 	-7.1015e+06  1.6488e+06 	5.2594e+07  3.36e+05 	
31   0.6149  0.3637  0.5367  0.239  0.1763  0.0244  1.468  1.143  1.186  0.3883 -1.9614e+07  1.7587e+06 	9.6618e+06  3.8863e+05 	34613  3138.2 	3.8692e+07  3.4574e+05 	1.8025e+07  2.6808e+06 	1.5734e+08  9.3073e+05 	1.6623e+07  4.0647e+05 	1.803e+05  1.1523e+06 	8.0911e+07  1.1124e+06 	-1.4586e+05  8.7884e+05 	-3.3952e+07  3.0552e+05 	16001  2343.9 	1.7479e+07  3.351e+05 	4.2741e+06  1.2394e+06 	5.0446e+07  2.7448e+05 	
32   0.5667  0.3906  0.5144  0.2101  0.1843  0.01718  1.514  1.074  1.191  0.3778 6.1531e+06  1.7141e+06 	1.6878e+07  4.0325e+05 	99514  3206.1 	3.3832e+07  2.9429e+05 	-2.5376e+07  2.4431e+06 	1.7134e+08  8.1605e+05 	2.1834e+07  4.0437e+05 	-1.5502e+07  1.1278e+06 	6.1936e+07  1.0639e+06 	-1.2795e+07  7.974e+05 	-3.4828e+07  2.4851e+05 	16746  2253.6 	2.134e+07  3.0767e+05 	2.5453e+07  1.218e+06 	4.6241e+07  2.9544e+05 	
33   0.4985  0.4214  0.4726  0.1634  0.1397  0.05803  1.55  1.057  1.207  0.3427 6.9932e+06  1.4439e+06 	1.7188e+07  3.3625e+05 	1.0738e+05  2981.4 	3.3823e+07  2.6712e+05 	-2.8256e+07  2.0458e+06 	1.7162e+08  6.9052e+05 	1.9528e+07  3.6993e+05 	-1.2044e+07  1.0306e+06 	6.0441e+07  8.7606e+05 	-9.6324e+06  6.5983e+05 	-3.5006e+07  2.4364e+05 	20708  2047.1 	2.2612e+07  2.9658e+05 	2.6693e+07  1.0151e+06 	4.3673e+07  2.6078e+05 	
