0.024500 0.124000 7.116900 1.385791 0.387763 1.570797 1.385795 -7.116912 0.069399 3.644568
0.024500 0.123000 7.193714 1.416734 0.386763 1.570797 1.416752 -7.193704 0.054463 1.412755
0.024500 0.122000 7.293038 1.440711 0.385763 1.570796 1.440724 -7.293038 0.062559 5.464128
0.024500 0.121000 7.396813 1.472655 0.384763 1.570796 1.472659 -7.396806 0.071936 3.232314
0.024500 0.120000 7.518543 1.519286 0.383763 1.570796 1.519292 -7.518546 0.071529 1.000501
0.024500 0.119000 7.619834 1.569581 0.382763 1.570797 1.569575 -7.619845 0.057409 5.051873
0.024500 0.118000 7.708540 1.627310 0.381763 1.570797 1.627308 -7.708539 0.011107 2.820061
0.024500 0.117000 7.809011 1.659083 0.380763 1.570796 1.659077 -7.809017 0.009469 0.588247
0.024500 0.116000 7.894615 1.705167 0.379763 1.570797 1.705169 -7.894622 -0.027622 4.639620
0.024500 0.115000 7.993554 1.745488 0.378763 1.570796 1.745486 -7.993558 -0.038644 2.407806
0.024500 0.114000 8.078404 1.808691 0.377763 1.570796 1.808706 -8.078415 -0.082515 0.175993
0.024500 0.113000 8.154251 1.869857 0.376763 1.570796 1.869872 -8.154261 -0.125279 4.227366
0.024500 0.112000 8.240776 1.926694 0.375763 1.570797 1.926715 -8.240786 -0.139312 1.995553
0.024500 0.111000 8.297569 1.974701 0.374763 1.570796 1.974728 -8.297576 -0.180091 6.046925
0.024500 0.110000 8.373600 2.019209 0.373763 1.570796 2.019224 -8.373594 -0.210416 3.815111
0.024500 0.109000 8.435602 2.059319 0.372763 1.570797 2.059324 -8.435602 -0.230423 1.583299
0.024500 0.108000 8.492304 2.123408 0.371763 1.570796 2.123398 -8.492303 -0.251517 5.634671
0.024500 0.107000 8.557447 2.184772 0.370763 1.570796 2.184775 -8.557443 -0.280225 3.402858
0.024500 0.106000 8.605072 2.236378 0.369763 1.570797 2.236388 -8.605082 -0.316279 1.171045
0.024500 0.105000 8.657724 2.283931 0.368763 1.570796 2.283944 -8.657727 -0.327514 5.222417
0.024500 0.104000 8.709814 2.331059 0.367763 1.570797 2.331066 -8.709812 -0.388369 2.990604
0.024500 0.103000 8.787004 2.371358 0.366763 1.570797 2.371346 -8.787004 -0.426618 0.758791
0.024500 0.102000 8.853925 2.414149 0.365763 1.570796 2.414150 -8.853933 -0.459442 4.810163
0.024500 0.101000 8.900323 2.454818 0.364763 1.570797 2.454827 -8.900316 -0.488413 2.578350
0.024500 0.100000 8.987189 2.487891 0.363763 1.570797 2.487895 -8.987188 -0.512625 0.346537
0.024500 0.099000 9.039905 2.542750 0.362763 1.570797 2.542751 -9.039907 -0.529065 4.397909
0.024500 0.098000 9.115415 2.600623 0.361763 1.570796 2.600632 -9.115418 -0.540651 2.166096
0.024500 0.097000 9.188908 2.651156 0.360763 1.570796 2.651170 -9.188921 -0.564277 6.217468
0.024500 0.096000 9.269070 2.703421 0.359763 1.570797 2.703442 -9.269082 -0.574639 3.985656
0.024500 0.095000 9.326765 2.756259 0.358763 1.570797 2.756263 -9.326772 -0.584615 1.753842
0.024500 0.094000 9.378235 2.799419 0.357763 1.570797 2.799431 -9.378239 -0.613652 5.805214
0.024500 0.093000 9.446397 2.846408 0.356763 1.570797 2.846417 -9.446402 -0.620594 3.573401
0.024500 0.092000 9.523167 2.900392 0.355763 1.570797 2.900395 -9.523172 -0.620683 1.341588
0.024500 0.091000 9.593961 2.944271 0.354763 1.570797 2.944280 -9.593968 -0.635330 5.392961
0.024500 0.090000 9.657203 2.991994 0.353763 1.570797 2.992010 -9.657208 -0.657388 3.161148
0.024500 0.089000 9.754306 3.046775 0.352763 1.570797 3.046776 -9.754310 -0.649659 0.929334
0.024500 0.088000 9.822439 3.108704 0.351763 1.570796 3.108703 -9.822457 -0.667722 4.980707
0.024500 0.087000 9.886531 3.162187 0.350763 1.570797 3.162200 -9.886544 -0.677167 2.748894
0.024500 0.086000 9.939876 3.206975 0.349763 1.570796 3.206961 -9.939884 -0.667919 0.517081
0.024500 0.085000 10.004140 3.243049 0.348763 1.570797 3.243046 -10.004145 -0.673839 4.568453
0.024500 0.084000 10.064488 3.286986 0.347763 1.570796 3.286974 -10.064503 -0.646690 2.336639
0.024500 0.083000 10.119911 3.346674 0.346763 1.570796 3.346674 -10.119913 -0.651639 0.104826
0.024500 0.082000 10.186567 3.393400 0.345763 1.570796 3.393413 -10.186577 -0.655613 4.156199
0.024500 0.081000 10.253192 3.440234 0.344763 1.570796 3.440238 -10.253193 -0.662809 1.924386
0.024500 0.080000 10.316023 3.480539 0.343763 1.570797 3.480551 -10.316034 -0.682247 5.975758
0.024500 0.079000 10.387610 3.521305 0.342763 1.570796 3.521305 -10.387629 -0.684147 3.743945
0.024500 0.078000 10.448178 3.568486 0.341763 1.570796 3.568486 -10.448203 -0.677649 1.512131
0.024500 0.077000 10.536733 3.606400 0.340763 1.570797 3.606412 -10.536754 -0.678182 5.563504
0.024500 0.076000 10.596431 3.642317 0.339763 1.570797 3.642321 -10.596436 -0.685582 3.331691
0.024500 0.075000 10.661397 3.691244 0.338763 1.570796 3.691246 -10.661418 -0.668555 1.099878
0.024500 0.074000 10.714716 3.733604 0.337763 1.570796 3.733604 -10.714738 -0.656947 5.151250
0.024500 0.073000 10.797786 3.774814 0.336763 1.570797 3.774821 -10.797802 -0.635745 2.919437
0.024500 0.072000 10.858810 3.818903 0.335763 1.570796 3.818903 -10.858818 -0.631874 0.687624
0.024500 0.071000 10.935821 3.860893 0.334763 1.570796 3.860899 -10.935830 -0.633345 4.738996
0.024500 0.070000 10.994765 3.907639 0.333763 1.570796 3.907629 -10.994780 -0.610491 2.507184
0.024500 0.069000 11.042445 3.937102 0.332763 1.570796 3.937118 -11.042466 -0.623200 0.275370
0.024500 0.068000 11.100984 3.973653 0.331763 1.570796 3.973663 -11.100995 -0.622788 4.326742
0.024500 0.067000 11.155845 4.013622 0.330763 1.570797 4.013628 -11.155867 -0.598753 2.094930
0.024500 0.066000 11.211620 4.043998 0.329763 1.570797 4.043997 -11.211644 -0.589962 6.146301
0.024500 0.065000 11.261747 4.088222 0.328763 1.570796 4.088235 -11.261765 -0.580380 3.914489
0.024500 0.064000 11.312392 4.112906 0.327763 1.570797 4.112902 -11.312415 -0.578402 1.682675
0.024500 0.063000 11.361217 4.129889 0.326763 1.570797 4.129881 -11.361235 -0.575597 5.734047
0.024500 0.062000 11.397343 4.158340 0.325763 1.570796 4.158327 -11.397357 -0.585515 3.502235
0.024500 0.061000 11.463030 4.193797 0.324763 1.570796 4.193799 -11.463039 -0.587145 1.270421
0.024500 0.060000 11.526446 4.230346 0.323763 1.570797 4.230357 -11.526459 -0.597519 5.321794
0.024500 0.059000 11.585871 4.258157 0.322763 1.570796 4.258164 -11.585886 -0.603155 3.089981
0.024500 0.058000 11.634203 4.289063 0.321763 1.570796 4.289053 -11.634217 -0.606888 0.858167
0.024500 0.057000 11.680041 4.311541 0.320763 1.570796 4.311520 -11.680061 -0.600761 4.909540
0.024500 0.056000 11.751884 4.343898 0.319763 1.570797 4.343904 -11.751899 -0.599556 2.677727
0.024500 0.055000 11.796648 4.372364 0.318763 1.570797 4.372372 -11.796659 -0.588205 0.445914
0.024500 0.054000 11.868977 4.400965 0.317763 1.570797 4.400969 -11.868994 -0.591041 4.497286
0.024500 0.053000 11.943061 4.421826 0.316763 1.570797 4.421832 -11.943074 -0.604568 2.265473
0.024500 0.052000 12.009315 4.430124 0.315763 1.570797 4.430124 -12.009324 -0.611321 3.175253
0.024500 0.051000 12.076441 4.455287 0.314763 1.570796 4.455291 -12.076449 -0.621475 4.085032
0.024500 0.050000 12.132048 4.466441 0.313763 1.570796 4.466458 -12.132066 -0.622056 1.853219
0.024500 0.049000 12.217841 4.484022 0.312763 1.570797 4.484020 -12.217847 -0.623539 5.904592
0.024500 0.048000 12.297852 4.503338 0.311763 1.570797 4.503354 -12.297847 -0.643191 3.672779
0.024500 0.047000 12.379554 4.519049 0.310763 1.570796 4.519064 -12.379559 -0.628148 1.440965
0.024500 0.046000 12.447760 4.545193 0.309763 1.570796 4.545193 -12.447774 -0.641454 5.492337
0.024500 0.045000 12.518717 4.558300 0.308763 1.570797 4.558312 -12.518737 -0.649883 3.260524
0.024500 0.044000 12.596680 4.563047 0.307763 1.570797 4.563062 -12.596700 -0.644919 1.028712
0.024500 0.043000 12.685149 4.576500 0.306763 1.570796 4.576508 -12.685159 -0.655556 5.080084
0.024500 0.042000 12.758422 4.584677 0.305763 1.570797 4.584686 -12.758439 -0.673507 2.848270
0.024500 0.041000 12.840576 4.598992 0.304763 1.570797 4.599007 -12.840588 -0.693164 0.616458
0.024500 0.040000 12.951104 4.614222 0.303763 1.570796 4.614239 -12.951125 -0.690479 4.667829
0.024500 0.039000 13.039309 4.603896 0.302763 1.570797 4.603910 -13.039326 -0.702480 2.436017
0.024500 0.038000 13.135245 4.597686 0.301763 1.570796 4.597710 -13.135273 -0.701665 0.204203
0.024500 0.037000 13.236338 4.594866 0.300763 1.570797 4.594884 -13.236359 -0.703726 4.255576
0.024500 0.036000 13.326661 4.586596 0.299763 1.570796 4.586600 -13.326693 -0.692627 2.023763
